8.001622 -6.570
8.059605 -6.570
8.118008 -6.565
8.176835 -6.554
8.236088 -6.537
8.295770 -6.516
8.355884 -6.491
8.416434 -6.462
8.477423 -6.429
8.538854 -6.394
8.600730 -6.357
8.663055 -6.319
8.725831 -6.279
8.789062 -6.240
8.852751 -6.201
8.916902 -6.163
8.981517 -6.126
9.046601 -6.090
9.112156 -6.057
9.178187 -6.026
9.244696 -5.998
9.311687 -5.973
9.379163 -5.951
9.447128 -5.932
9.515586 -5.916
9.584540 -5.903
9.653993 -5.894
9.723950 -5.888
9.794414 -5.885
9.865388 -5.885
9.936877 -5.887
10.008884 -5.892
10.081412 -5.899
10.154466 -5.908
10.228050 -5.918
10.302166 -5.930
10.376820 -5.942
10.452015 -5.955
10.527754 -5.967
10.604043 -5.979
10.680884 -5.990
10.758282 -6.000
10.836241 -6.008
10.914765 -6.014
10.993858 -6.017
11.073524 -6.017
11.153767 -6.015
11.234592 -6.009
11.316003 -5.999
11.398003 -5.986
11.480598 -5.969
11.563791 -5.949
11.647587 -5.925
11.731990 -5.898
11.817005 -5.867
11.902636 -5.833
11.988887 -5.797
12.075764 -5.758
12.163270 -5.718
12.251410 -5.676
12.340188 -5.632
12.429610 -5.588
12.519681 -5.544
12.610403 -5.500
12.701783 -5.456
12.793826 -5.413
12.886535 -5.371
12.979916 -5.330
13.073974 -5.291
13.168714 -5.254
13.264139 -5.219
13.360257 -5.186
13.457071 -5.155
13.554586 -5.126
13.652808 -5.099
13.751742 -5.073
13.851393 -5.049
13.951766 -5.027
14.052866 -5.005
14.154699 -4.984
14.257270 -4.963
14.360584 -4.942
14.464647 -4.920
14.569463 -4.897
14.675040 -4.872
14.781381 -4.845
14.888493 -4.816
14.996381 -4.785
15.105051 -4.750
15.214509 -4.712
15.324759 -4.671
15.435809 -4.626
15.547663 -4.577
15.660328 -4.525
15.773809 -4.470
15.888113 -4.411
16.003244 -4.349
16.119211 -4.284
16.236017 -4.217
16.353670 -4.148
16.472175 -4.076
16.591539 -4.004
16.711769 -3.930
16.832869 -3.855
16.954847 -3.779
17.077709 -3.703
17.201461 -3.628
17.326110 -3.552
17.451662 -3.476
17.578124 -3.401
17.705502 -3.327
17.833803 -3.253
17.963034 -3.180
18.093202 -3.107
18.224313 -3.035
18.356374 -2.964
18.489392 -2.894
18.623373 -2.824
18.758326 -2.756
18.894257 -2.687
19.031172 -2.620
19.169080 -2.554
19.307987 -2.489
19.447901 -2.424
19.588828 -2.361
19.730777 -2.299
19.873754 -2.238
20.017767 -2.179
20.162824 -2.121
20.308933 -2.065
20.456100 -2.011
20.604333 -1.958
20.753640 -1.907
20.904030 -1.857
21.055509 -1.810
21.208086 -1.764
21.361768 -1.720
21.516565 -1.678
21.672482 -1.637
21.829530 -1.599
21.987716 -1.562
22.147048 -1.527
22.307535 -1.493
22.469184 -1.461
22.632005 -1.431
22.796006 -1.402
22.961195 -1.375
23.127582 -1.350
23.295174 -1.326
23.463980 -1.303
23.634010 -1.282
23.805272 -1.262
23.977774 -1.244
24.151527 -1.227
24.326539 -1.211
24.502819 -1.196
24.680377 -1.182
24.859221 -1.169
25.039361 -1.158
25.220807 -1.146
25.403567 -1.136
25.587652 -1.126
25.773070 -1.117
25.959833 -1.108
26.147948 -1.100
26.337427 -1.091
26.528279 -1.083
26.720514 -1.075
26.914142 -1.067
27.109173 -1.059
27.305617 -1.051
27.503485 -1.043
27.702786 -1.035
27.903532 -1.027
28.105733 -1.018
28.309398 -1.010
28.514540 -1.001
28.721168 -0.993
28.929293 -0.984
29.138927 -0.975
29.350080 -0.965
29.562762 -0.956
29.776986 -0.947
29.992763 -0.937
30.210103 -0.928
30.429017 -0.918
30.649519 -0.909
30.871618 -0.900
31.095326 -0.890
31.320656 -0.881
31.547618 -0.872
31.776225 -0.863
32.006489 -0.855
32.238421 -0.846
32.472034 -0.838
32.707340 -0.830
32.944351 -0.823
33.183079 -0.815
33.423537 -0.808
33.665738 -0.801
33.909694 -0.795
34.155417 -0.788
34.402922 -0.782
34.652219 -0.776
34.903324 -0.770
35.156247 -0.763
35.411004 -0.757
35.667607 -0.751
35.926069 -0.744
36.186404 -0.737
36.448626 -0.730
36.712747 -0.722
36.978783 -0.714
37.246747 -0.705
37.516652 -0.696
37.788513 -0.687
38.062344 -0.676
38.338160 -0.666
38.615974 -0.654
38.895801 -0.642
39.177656 -0.630
39.461553 -0.618
39.747508 -0.605
40.035535 -0.592
40.325649 -0.579
40.617865 -0.565
40.912199 -0.552
41.208666 -0.540
41.507281 -0.527
41.808060 -0.515
42.111018 -0.503
42.416172 -0.492
42.723537 -0.481
43.033129 -0.471
43.344965 -0.462
43.659060 -0.453
43.975432 -0.445
44.294096 -0.437
44.615069 -0.430
44.938369 -0.424
45.264011 -0.418
45.592012 -0.413
45.922391 -0.408
46.255163 -0.403
46.590347 -0.399
46.927960 -0.395
47.268019 -0.390
47.610543 -0.386
47.955549 -0.382
48.303054 -0.378
48.653078 -0.373
49.005638 -0.369
49.360754 -0.364
49.718442 -0.359
50.078722 -0.353
50.441613 -0.347
50.807134 -0.341
51.175303 -0.335
51.546141 -0.328
51.919665 -0.321
52.295897 -0.314
52.674854 -0.307
53.056558 -0.300
53.441028 -0.293
53.828283 -0.286
54.218345 -0.280
54.611234 -0.274
55.006969 -0.268
55.405572 -0.263
55.807064 -0.258
56.211465 -0.254
56.618797 -0.251
57.029080 -0.248
57.442336 -0.246
57.858587 -0.245
58.277854 -0.245
58.700159 -0.246
59.125525 -0.247
59.553973 -0.248
59.985525 -0.251
60.420205 -0.253
60.858035 -0.256
61.299037 -0.260
61.743235 -0.263
62.190652 -0.267
62.641311 -0.270
63.095236 -0.274
63.552450 -0.277
64.012978 -0.280
64.476842 -0.283
64.944068 -0.285
65.414679 -0.286
65.888701 -0.288
66.366158 -0.288
66.847074 -0.289
67.331476 -0.288
67.819387 -0.287
68.310835 -0.286
68.805843 -0.284
69.304439 -0.282
69.806647 -0.280
70.312495 -0.277
70.822008 -0.274
71.335214 -0.271
71.852138 -0.267
72.372808 -0.263
72.897251 -0.259
73.425495 -0.255
73.957566 -0.250
74.493493 -0.245
75.033304 -0.239
75.577026 -0.233
76.124688 -0.227
76.676319 -0.220
77.231948 -0.212
77.791602 -0.204
78.355312 -0.195
78.923107 -0.185
79.495016 -0.174
80.071070 -0.163
80.651298 -0.151
81.235730 -0.138
81.824398 -0.125
82.417331 -0.111
83.014561 -0.097
83.616119 -0.082
84.222036 -0.067
84.832344 -0.052
85.447074 -0.038
86.066258 -0.023
86.689930 -0.009
87.318121 0.004
87.950864 0.016
88.588192 0.027
89.230139 0.036
89.876737 0.044
90.528021 0.051
91.184024 0.055
91.844781 0.057
92.510327 0.057
93.180695 0.055
93.855920 0.051
94.536039 0.044
95.221086 0.035
95.911097 0.024
96.606109 0.011
97.306156 -0.004
98.011277 -0.020
98.721507 -0.039
99.436884 -0.059
100.157444 -0.080
100.883227 -0.103
101.614268 -0.126
102.350607 -0.150
103.092282 -0.174
103.839331 -0.199
104.591793 -0.223
105.349709 -0.247
106.113116 -0.270
106.882055 -0.293
107.656567 -0.314
108.436691 -0.334
109.222468 -0.352
110.013939 -0.368
110.811145 -0.382
111.614128 -0.394
112.422930 -0.403
113.237593 -0.410
114.058159 -0.414
114.884672 -0.415
115.717174 -0.412
116.555708 -0.407
117.400319 -0.399
118.251050 -0.388
119.107946 -0.375
119.971051 -0.358
120.840410 -0.339
121.716070 -0.318
122.598075 -0.294
123.486471 -0.269
124.381305 -0.243
125.282623 -0.215
126.190473 -0.186
127.104901 -0.157
128.025955 -0.127
128.953684 -0.098
129.888136 -0.068
130.829359 -0.039
131.777402 -0.011
132.732315 0.016
133.694148 0.043
134.662951 0.068
135.638775 0.092
136.621669 0.115
137.611686 0.137
138.608877 0.157
139.613294 0.176
140.624990 0.193
141.644016 0.209
142.670427 0.223
143.704276 0.235
144.745616 0.245
145.794503 0.254
146.850990 0.260
147.915133 0.264
148.986987 0.266
150.066608 0.266
151.154052 0.263
152.249377 0.258
153.352639 0.250
154.463895 0.240
155.583204 0.228
156.710624 0.214
157.846214 0.198
158.990033 0.181
160.142140 0.162
161.302596 0.142
162.471461 0.122
163.648796 0.101
164.834663 0.080
166.029123 0.059
167.232238 0.039
168.444072 0.019
169.664687 -0.000
170.894147 -0.018
172.132517 -0.035
173.379860 -0.051
174.636242 -0.066
175.901728 -0.079
177.176385 -0.091
178.460278 -0.101
179.753474 -0.110
181.056042 -0.118
182.368049 -0.124
183.689563 -0.129
185.020653 -0.133
186.361389 -0.135
187.711841 -0.136
189.072078 -0.135
190.442172 -0.132
191.822195 -0.129
193.212217 -0.123
194.612313 -0.117
196.022554 -0.109
197.443014 -0.100
198.873768 -0.090
200.314889 -0.079
201.766453 -0.067
203.228536 -0.055
204.701214 -0.044
206.184563 -0.032
207.678661 -0.020
209.183587 -0.008
210.699417 0.003
212.226232 0.014
213.764111 0.025
215.313134 0.036
216.873381 0.047
218.444935 0.057
220.027877 0.068
221.622290 0.078
223.228256 0.087
224.845860 0.096
226.475186 0.104
228.116319 0.110
229.769344 0.114
231.434347 0.115
233.111416 0.113
234.800637 0.107
236.502099 0.097
238.215891 0.083
239.942102 0.063
241.680821 0.039
243.432140 0.010
245.196149 -0.024
246.972942 -0.062
248.762610 -0.104
250.565246 -0.148
252.380945 -0.194
254.209801 -0.241
256.051910 -0.287
257.907368 -0.331
259.776271 -0.372
261.658717 -0.409
263.554804 -0.440
265.464631 -0.466
267.388297 -0.485
269.325903 -0.499
271.277549 -0.506
273.243338 -0.507
275.223372 -0.503
277.217754 -0.495
279.226588 -0.484
281.249979 -0.470
283.288033 -0.454
285.340854 -0.437
287.408552 -0.419
289.491233 -0.401
291.589005 -0.382
293.701980 -0.362
295.830265 -0.342
297.973973 -0.321
300.133216 -0.298
302.308105 -0.274
304.498754 -0.247
306.705277 -0.219
308.927790 -0.188
311.166408 -0.155
313.421248 -0.120
315.692428 -0.083
317.980065 -0.044
320.284280 -0.006
322.605192 0.032
324.942922 0.069
327.297592 0.103
329.669326 0.133
332.058245 0.159
334.464476 0.179
336.888144 0.193
339.329374 0.202
341.788295 0.204
344.265034 0.200
346.759720 0.192
349.272484 0.180
351.803456 0.164
354.352769 0.146
356.920555 0.128
359.506949 0.109
362.112084 0.092
364.736098 0.076
367.379126 0.062
370.041307 0.050
372.722778 0.041
375.423681 0.034
378.144156 0.030
380.884344 0.028
383.644389 0.029
386.424435 0.030
389.224626 0.033
392.045108 0.037
394.886028 0.040
397.747535 0.042
400.629778 0.043
403.532906 0.041
406.457072 0.035
409.402427 0.026
412.369126 0.011
415.357323 -0.008
418.367173 -0.032
421.398834 -0.061
424.452464 -0.094
427.528221 -0.130
430.626267 -0.168
433.746763 -0.206
436.889870 -0.243
440.055755 -0.278
443.244580 -0.309
446.456513 -0.335
449.691721 -0.354
452.950372 -0.366
456.232638 -0.370
459.538687 -0.364
462.868694 -0.350
466.222831 -0.328
469.601274 -0.297
473.004199 -0.258
476.431782 -0.214
479.884203 -0.163
483.361642 -0.108
486.864280 -0.050
490.392299 0.011
493.945884 0.073
497.525219 0.135
501.130492 0.196
504.761890 0.254
508.419603 0.308
512.103821 0.357
515.814736 0.397
519.552542 0.430
523.317434 0.452
527.109608 0.464
530.929262 0.466
534.776594 0.459
538.651806 0.443
542.555099 0.421
546.486677 0.393
550.446744 0.364
554.435508 0.333
558.453177 0.305
562.499958 0.281
566.576065 0.262
570.681709 0.248
574.817104 0.242
578.982465 0.242
583.178011 0.247
587.403959 0.256
591.660530 0.268
595.947947 0.281
600.266431 0.294
604.616209 0.304
608.997507 0.312
613.410554 0.315
617.855580 0.316
622.332816 0.313
626.842496 0.307
631.384856 0.301
635.960130 0.294
640.568560 0.288
645.210384 0.284
649.885844 0.282
654.595185 0.283
659.338651 0.285
664.116491 0.291
668.928953 0.297
673.776288 0.305
678.658748 0.314
683.576589 0.324
688.530067 0.334
693.519440 0.346
698.544968 0.358
703.606912 0.372
708.705538 0.388
713.841111 0.405
719.013898 0.424
724.224169 0.443
729.472196 0.464
734.758252 0.485
740.082613 0.506
745.445557 0.525
750.847362 0.543
756.288312 0.558
761.768689 0.570
767.288779 0.578
772.848870 0.580
778.449251 0.577
784.090215 0.567
789.772056 0.550
795.495070 0.526
801.259555 0.496
807.065812 0.459
812.914144 0.417
818.804855 0.371
824.738252 0.323
830.714646 0.274
836.734346 0.226
842.797668 0.181
848.904928 0.142
855.056443 0.109
861.252534 0.085
867.493525 0.069
873.779741 0.063
880.111509 0.066
886.489160 0.077
892.913026 0.094
899.383442 0.117
905.900745 0.144
912.465275 0.172
919.077375 0.200
925.737388 0.226
932.445663 0.249
939.202548 0.267
946.008397 0.280
952.863564 0.286
959.768406 0.287
966.723284 0.281
973.728559 0.269
980.784598 0.251
987.891767 0.229
995.050438 0.203
1002.260984 0.175
1009.523780 0.146
1016.839206 0.116
1024.207642 0.087
1031.629472 0.058
1039.105085 0.030
1046.634869 0.002
1054.219216 -0.025
1061.858523 -0.053
1069.553188 -0.082
1077.303611 -0.112
1085.110197 -0.143
1092.973353 -0.176
1100.893489 -0.210
1108.871017 -0.245
1116.906353 -0.280
1124.999917 -0.315
1133.152130 -0.348
1141.363417 -0.377
1149.634207 -0.403
1157.964931 -0.424
1166.356022 -0.439
1174.807918 -0.447
1183.321061 -0.449
1191.895893 -0.444
1200.532862 -0.433
1209.232418 -0.417
1217.995015 -0.397
1226.821109 -0.375
1235.711160 -0.350
1244.665633 -0.325
1253.684993 -0.300
1262.769711 -0.277
1271.920261 -0.256
1281.137119 -0.239
1290.420767 -0.226
1299.771688 -0.217
1309.190369 -0.214
1318.677302 -0.215
1328.232982 -0.222
1337.857906 -0.233
1347.552575 -0.247
1357.317497 -0.262
1367.153179 -0.279
1377.060134 -0.294
1387.038880 -0.305
1397.089935 -0.312
1407.213825 -0.313
1417.411076 -0.306
1427.682221 -0.292
1438.027795 -0.269
1448.448337 -0.239
1458.944391 -0.202
1469.516504 -0.160
1480.165226 -0.115
1490.891113 -0.068
1501.694725 -0.023
1512.576624 0.019
1523.537378 0.056
1534.577558 0.087
1545.697739 0.110
1556.898502 0.125
1568.180431 0.132
1579.544112 0.131
1590.990140 0.123
1602.519111 0.107
1614.131625 0.084
1625.828288 0.056
1637.609710 0.022
1649.476505 -0.015
1661.429291 -0.056
1673.468693 -0.099
1685.595337 -0.141
1697.809856 -0.181
1710.112886 -0.217
1722.505069 -0.246
1734.987050 -0.267
1747.559482 -0.276
1760.223018 -0.273
1772.978320 -0.259
1785.826052 -0.233
1798.766883 -0.196
1811.801490 -0.153
1824.930550 -0.104
1838.154749 -0.055
1851.474776 -0.007
1864.891326 0.036
1878.405097 0.071
1892.016795 0.096
1905.727128 0.111
1919.536812 0.114
1933.446568 0.107
1947.457118 0.090
1961.569195 0.064
1975.783534 0.032
1990.100876 -0.003
2004.521968 -0.041
2019.047560 -0.077
2033.678411 -0.112
2048.415283 -0.144
2063.258945 -0.173
2078.210170 -0.200
2093.269737 -0.226
2108.438433 -0.252
2123.717047 -0.280
2139.106376 -0.309
2154.607222 -0.342
2170.220394 -0.376
2185.946706 -0.412
2201.786977 -0.449
2217.742033 -0.484
2233.812706 -0.517
2249.999834 -0.547
2266.304260 -0.571
2282.726835 -0.589
2299.268415 -0.601
2315.929861 -0.607
2332.712044 -0.606
2349.615837 -0.599
2366.642122 -0.587
2383.791786 -0.570
2401.065724 -0.549
2418.464836 -0.525
2435.990029 -0.497
2453.642217 -0.466
2471.422320 -0.432
2489.331265 -0.394
2507.369986 -0.352
2525.539422 -0.307
2543.840522 -0.256
2562.274239 -0.202
2580.841534 -0.144
2599.543376 -0.083
2618.380739 -0.023
2637.354605 0.036
2656.465964 0.089
2675.715811 0.135
2695.105151 0.171
2714.634994 0.195
2734.306358 0.207
2754.120269 0.206
2774.077760 0.193
2794.179871 0.171
2814.427650 0.141
2834.822153 0.107
2855.364443 0.072
2876.055590 0.040
2896.896675 0.014
2917.888782 -0.004
2939.033007 -0.010
2960.330452 -0.004
2981.782227 0.016
3003.389450 0.048
3025.153248 0.093
3047.074755 0.149
3069.155115 0.212
3091.395478 0.280
3113.797004 0.350
3136.360861 0.419
3159.088225 0.485
3181.980280 0.545
3205.038221 0.598
3228.263249 0.643
3251.656575 0.679
3275.219419 0.707
3298.953009 0.728
3322.858583 0.743
3346.937386 0.753
3371.190674 0.760
3395.619711 0.764
3420.225771 0.768
3445.010137 0.770
3469.974101 0.772
3495.118964 0.772
3520.446036 0.770
3545.956639 0.764
3571.652103 0.754
3597.533766 0.740
3623.602979 0.720
3649.861100 0.695
3676.309498 0.667
3702.949552 0.636
3729.782651 0.605
3756.810194 0.575
3784.033589 0.546
3811.454256 0.520
3839.073625 0.496
3866.893135 0.475
3894.914237 0.455
3923.138391 0.435
3951.567069 0.415
3980.201753 0.394
4009.043935 0.371
4038.095120 0.346
4067.356822 0.320
4096.830566 0.293
4126.517890 0.268
4156.420339 0.245
4186.539474 0.225
4216.876865 0.211
4247.434093 0.202
4278.212752 0.200
4309.214445 0.203
4340.440789 0.212
4371.893412 0.223
4403.573954 0.237
4435.484066 0.250
4467.625412 0.260
4499.999667 0.267
4532.608520 0.269
4565.453670 0.264
4598.536829 0.252
4631.859723 0.232
4665.424088 0.205
4699.231674 0.172
4733.284244 0.132
4767.583572 0.087
4802.131448 0.038
4836.929672 -0.014
4871.980059 -0.068
4907.284434 -0.121
4942.844640 -0.174
4978.662530 -0.226
5014.739971 -0.276
5051.078844 -0.324
5087.681044 -0.370
5124.548478 -0.414
5161.683068 -0.458
5199.086752 -0.501
5236.761478 -0.545
5274.709210 -0.590
5312.931927 -0.636
5351.431622 -0.684
5390.210302 -0.734
5429.269987 -0.786
5468.612716 -0.840
5508.240538 -0.897
5548.155519 -0.956
5588.359741 -1.017
5628.855300 -1.080
5669.644306 -1.144
5710.728885 -1.210
5752.111181 -1.276
5793.793350 -1.341
5835.777565 -1.404
5878.066015 -1.463
5920.660904 -1.518
5963.564454 -1.568
6006.778900 -1.610
6050.306496 -1.647
6094.149511 -1.677
6138.310230 -1.701
6182.790957 -1.719
6227.594009 -1.732
6272.721722 -1.740
6318.176449 -1.743
6363.960560 -1.742
6410.076442 -1.736
6456.526498 -1.726
6503.313151 -1.712
6550.438839 -1.695
6597.906019 -1.676
6645.717166 -1.655
6693.874772 -1.636
6742.381348 -1.619
6791.239422 -1.605
6840.451543 -1.597
6890.020274 -1.594
6939.948202 -1.597
6990.237927 -1.605
7040.892073 -1.617
7091.913279 -1.633
7143.304206 -1.650
7195.067533 -1.668
7247.205958 -1.685
7299.722200 -1.700
7352.618996 -1.712
7405.899104 -1.721
7459.565302 -1.726
7513.620387 -1.727
7568.067178 -1.723
7622.908513 -1.714
7678.147250 -1.700
7733.786270 -1.681
7789.828473 -1.658
7846.276782 -1.632
7903.134138 -1.602
7960.403506 -1.571
8018.087871 -1.537
8076.190241 -1.503
8134.713644 -1.469
8193.661133 -1.435
8253.035779 -1.401
8312.840678 -1.369
8373.078949 -1.338
8433.753730 -1.310
8494.868186 -1.283
8556.425503 -1.258
8618.428889 -1.235
8680.881578 -1.214
8743.786824 -1.193
8807.147908 -1.172
8870.968132 -1.151
8935.250824 -1.130
8999.999335 -1.109
9065.217040 -1.088
9130.907340 -1.067
9197.073658 -1.047
9263.719445 -1.028
9330.848175 -1.011
9398.463347 -0.997
9466.568487 -0.987
9535.167145 -0.980
9604.262896 -0.978
9673.859344 -0.981
9743.960117 -0.990
9814.568869 -1.004
9885.689281 -1.023
9957.325060 -1.048
10029.479942 -1.077
10102.157688 -1.110
10175.362087 -1.146
10249.096955 -1.184
10323.366137 -1.223
10398.173504 -1.263
10473.522955 -1.302
10549.418420 -1.340
10625.863854 -1.376
10702.863244 -1.410
10780.420603 -1.441
10858.539975 -1.470
10937.225432 -1.495
11016.481076 -1.518
11096.311039 -1.537
11176.719483 -1.551
11257.710599 -1.562
11339.288611 -1.567
11421.457771 -1.566
11504.222362 -1.559
11587.586700 -1.545
11671.555129 -1.525
11756.132029 -1.500
11841.321808 -1.469
11927.128907 -1.435
12013.557800 -1.399
12100.612992 -1.362
12188.299022 -1.327
12276.620461 -1.295
12365.581913 -1.268
12455.188017 -1.247
12545.443444 -1.233
12636.352899 -1.225
12727.921121 -1.225
12820.152884 -1.233
12913.052997 -1.247
13006.626302 -1.267
13100.877678 -1.291
13195.812038 -1.319
13291.434331 -1.349
13387.749544 -1.379
13484.762695 -1.406
13582.478845 -1.430
13680.903085 -1.448
13780.040549 -1.459
13879.896403 -1.462
13980.475854 -1.456
14081.784145 -1.442
14183.826558 -1.419
14286.608412 -1.389
14390.135066 -1.353
14494.411917 -1.312
14599.444400 -1.267
14705.237993 -1.219
14811.798209 -1.169
14919.130604 -1.118
15027.240775 -1.067
15136.134356 -1.015
15245.817025 -0.964
15356.294500 -0.913
15467.572540 -0.863
15579.656947 -0.814
15692.553563 -0.767
15806.268275 -0.722
15920.807011 -0.678
16036.175742 -0.637
16152.380481 -0.597
16269.427289 -0.559
16387.322266 -0.522
16506.071558 -0.486
16625.681357 -0.449
16746.157897 -0.412
16867.507461 -0.374
16989.736373 -0.333
17112.851006 -0.291
17236.857779 -0.247
17361.763156 -0.200
17487.573649 -0.151
17614.295816 -0.101
17741.936265 -0.048
17870.501648 0.005
17999.998670 0.059
18130.434080 0.113
18261.814679 0.168
18394.147317 0.223
18527.438891 0.278
18661.696350 0.333
18796.926695 0.388
18933.136974 0.442
19070.334289 0.494
19208.525793 0.543
19347.718689 0.589
19487.920234 0.631
19629.137738 0.669
19771.378561 0.700
19914.650120 0.725
20058.959885 0.743
20204.315377 0.755
20350.724175 0.759
20498.193911 0.756
20646.732274 0.746
20796.347007 0.730
20947.045910 0.708
21098.836840 0.682
21251.727709 0.651
21405.726488 0.618
21560.841206 0.584
21717.079950 0.551
21874.450863 0.520
22032.962151 0.493
22192.622078 0.470
22353.438966 0.453
22515.421199 0.441
22678.577222 0.433
22842.915542 0.428
23008.444724 0.426
23175.173399 0.426
23343.110259 0.425
23512.264058 0.425
23682.643616 0.425
