20.017769 -2.003
20.162826 -1.977
20.308934 -1.953
20.456101 -1.930
20.604334 -1.908
20.753642 -1.887
20.904031 -1.867
21.055510 -1.848
21.208087 -1.829
21.361770 -1.811
21.516566 -1.794
21.672484 -1.778
21.829532 -1.761
21.987718 -1.746
22.147050 -1.731
22.307536 -1.716
22.469186 -1.701
22.632007 -1.687
22.796008 -1.672
22.961197 -1.658
23.127583 -1.645
23.295175 -1.631
23.463982 -1.617
23.634011 -1.604
23.805273 -1.591
23.977776 -1.578
24.151529 -1.564
24.326541 -1.552
24.502821 -1.539
24.680378 -1.526
24.859223 -1.513
25.039363 -1.500
25.220808 -1.488
25.403569 -1.475
25.587653 -1.462
25.773072 -1.449
25.959834 -1.436
26.147950 -1.423
26.337429 -1.410
26.528281 -1.396
26.720516 -1.383
26.914144 -1.369
27.109175 -1.355
27.305619 -1.340
27.503487 -1.326
27.702788 -1.311
27.903534 -1.296
28.105734 -1.281
28.309400 -1.265
28.514542 -1.249
28.721170 -1.234
28.929295 -1.218
29.138929 -1.201
29.350082 -1.185
29.562764 -1.169
29.776988 -1.152
29.992765 -1.135
30.210105 -1.119
30.429020 -1.102
30.649521 -1.086
30.871620 -1.069
31.095328 -1.053
31.320658 -1.037
31.547620 -1.021
31.776227 -1.005
32.006491 -0.989
32.238423 -0.974
32.472036 -0.958
32.707342 -0.943
32.944353 -0.928
33.183081 -0.914
33.423539 -0.900
33.665740 -0.886
33.909696 -0.872
34.155420 -0.858
34.402924 -0.845
34.652222 -0.832
34.903326 -0.819
35.156250 -0.806
35.411006 -0.793
35.667609 -0.780
35.926071 -0.768
36.186407 -0.755
36.448628 -0.743
36.712750 -0.730
36.978786 -0.718
37.246749 -0.706
37.516655 -0.694
37.788516 -0.682
38.062347 -0.670
38.338162 -0.658
38.615976 -0.647
38.895804 -0.636
39.177659 -0.625
39.461556 -0.614
39.747511 -0.604
40.035538 -0.594
40.325652 -0.584
40.617868 -0.575
40.912202 -0.567
41.208669 -0.559
41.507284 -0.551
41.808062 -0.544
42.111021 -0.538
42.416175 -0.531
42.723540 -0.526
43.033132 -0.521
43.344968 -0.516
43.659063 -0.512
43.975435 -0.507
44.294099 -0.504
44.615072 -0.500
44.938372 -0.497
45.264014 -0.493
45.592015 -0.490
45.922394 -0.487
46.255166 -0.483
46.590350 -0.480
46.927963 -0.476
47.268023 -0.472
47.610546 -0.468
47.955552 -0.464
48.303058 -0.459
48.653082 -0.453
49.005642 -0.448
49.360757 -0.441
49.718445 -0.435
50.078726 -0.427
50.441617 -0.419
50.807137 -0.411
51.175307 -0.402
51.546144 -0.392
51.919669 -0.382
52.295900 -0.371
52.674858 -0.359
53.056562 -0.347
53.441031 -0.335
53.828287 -0.322
54.218349 -0.308
54.611238 -0.294
55.006973 -0.279
55.405576 -0.264
55.807068 -0.249
56.211469 -0.233
56.618800 -0.217
57.029084 -0.200
57.442340 -0.184
57.858591 -0.166
58.277858 -0.149
58.700163 -0.131
59.125529 -0.112
59.553977 -0.094
59.985529 -0.075
60.420209 -0.055
60.858039 -0.035
61.299042 -0.015
61.743240 0.005
62.190657 0.026
62.641316 0.047
63.095241 0.069
63.552455 0.090
64.012982 0.112
64.476846 0.133
64.944072 0.155
65.414684 0.176
65.888706 0.198
66.366162 0.219
66.847079 0.240
67.331480 0.260
67.819392 0.280
68.310839 0.300
68.805848 0.319
69.304443 0.337
69.806652 0.354
70.312500 0.371
70.822013 0.387
71.335218 0.403
71.852143 0.418
72.372813 0.432
72.897256 0.445
73.425500 0.458
73.957571 0.469
74.493498 0.481
75.033309 0.491
75.577031 0.501
76.124694 0.511
76.676325 0.520
77.231953 0.528
77.791607 0.535
78.355317 0.542
78.923112 0.548
79.495022 0.554
80.071075 0.559
80.651303 0.562
81.235736 0.565
81.824404 0.568
82.417337 0.569
83.014567 0.569
83.616125 0.568
84.222042 0.566
84.832349 0.563
85.447080 0.559
86.066264 0.553
86.689936 0.546
87.318127 0.538
87.950870 0.528
88.588198 0.517
89.230145 0.505
89.876743 0.491
90.528027 0.476
91.184031 0.459
91.844788 0.441
92.510333 0.422
93.180701 0.402
93.855927 0.380
94.536045 0.357
95.221093 0.333
95.911104 0.308
96.606115 0.282
97.306163 0.255
98.011284 0.227
98.721514 0.199
99.436891 0.170
100.157451 0.140
100.883233 0.109
101.614275 0.078
102.350614 0.047
103.092289 0.016
103.839338 -0.016
104.591800 -0.047
105.349716 -0.078
106.113123 -0.109
106.882063 -0.139
107.656574 -0.169
108.436698 -0.197
109.222475 -0.225
110.013946 -0.251
110.811153 -0.276
111.614136 -0.299
112.422938 -0.320
113.237601 -0.340
114.058167 -0.357
114.884680 -0.372
115.717181 -0.384
116.555716 -0.394
117.400327 -0.401
118.251058 -0.405
119.107954 -0.407
119.971059 -0.405
120.840419 -0.401
121.716078 -0.394
122.598083 -0.385
123.486479 -0.373
124.381313 -0.359
125.282632 -0.342
126.190481 -0.324
127.104909 -0.303
128.025964 -0.281
128.953693 -0.257
129.888144 -0.232
130.829368 -0.206
131.777411 -0.179
132.732324 -0.152
133.694158 -0.124
134.662961 -0.096
135.638784 -0.068
136.621678 -0.040
137.611695 -0.013
138.608887 0.014
139.613304 0.041
140.624999 0.066
141.644026 0.091
142.670437 0.114
143.704286 0.136
144.745626 0.157
145.794513 0.177
146.851000 0.195
147.915143 0.212
148.986997 0.228
150.066618 0.242
151.154063 0.254
152.249387 0.265
153.352649 0.274
154.463906 0.282
155.583215 0.288
156.710635 0.293
157.846225 0.296
158.990043 0.298
160.142151 0.299
161.302607 0.298
162.471472 0.297
163.648807 0.294
164.834674 0.290
166.029134 0.285
167.232250 0.280
168.444083 0.273
169.664699 0.266
170.894159 0.259
172.132529 0.251
173.379872 0.243
174.636254 0.234
175.901740 0.225
177.176397 0.216
178.460290 0.207
179.753487 0.198
181.056055 0.189
182.368061 0.179
183.689576 0.170
185.020666 0.160
186.361402 0.151
187.711853 0.141
189.072091 0.132
190.442185 0.122
191.822208 0.112
193.212231 0.102
194.612326 0.092
196.022567 0.082
197.443028 0.071
198.873781 0.061
200.314903 0.050
201.766467 0.040
203.228550 0.029
204.701228 0.019
206.184577 0.008
207.678676 -0.003
209.183601 -0.013
210.699432 -0.023
212.226246 -0.034
213.764125 -0.044
215.313148 -0.053
216.873396 -0.063
218.444950 -0.072
220.027892 -0.081
221.622305 -0.089
223.228272 -0.097
224.845876 -0.105
226.475202 -0.112
228.116334 -0.118
229.769359 -0.124
231.434363 -0.129
233.111432 -0.133
234.800653 -0.137
236.502115 -0.140
238.215907 -0.142
239.942118 -0.143
241.680837 -0.143
243.432156 -0.142
245.196166 -0.140
246.972959 -0.136
248.762627 -0.131
250.565263 -0.125
252.380962 -0.118
254.209819 -0.108
256.051928 -0.097
257.907386 -0.085
259.776289 -0.070
261.658735 -0.054
263.554822 -0.036
265.464649 -0.016
267.388315 0.005
269.325921 0.028
271.277568 0.053
273.243357 0.079
275.223391 0.106
277.217773 0.135
279.226607 0.164
281.249998 0.194
283.288052 0.225
285.340874 0.255
287.408571 0.285
289.491252 0.315
291.589025 0.344
293.702000 0.372
295.830285 0.399
297.973994 0.424
300.133236 0.447
302.308125 0.468
304.498774 0.487
306.705298 0.504
308.927811 0.518
311.166429 0.530
313.421270 0.538
315.692449 0.545
317.980087 0.548
320.284302 0.549
322.605214 0.547
324.942944 0.542
327.297615 0.536
329.669348 0.526
332.058268 0.515
334.464499 0.501
336.888167 0.486
339.329397 0.469
341.788318 0.450
344.265057 0.430
346.759744 0.408
349.272508 0.386
351.803480 0.363
354.352793 0.339
356.920580 0.315
359.506973 0.291
362.112109 0.267
364.736123 0.243
367.379151 0.219
370.041332 0.196
372.722804 0.174
375.423707 0.152
378.144182 0.132
380.884370 0.112
383.644416 0.095
386.424461 0.078
389.224652 0.063
392.045134 0.049
394.886055 0.037
397.747562 0.026
400.629805 0.017
403.532934 0.010
406.457100 0.003
409.402455 -0.001
412.369154 -0.005
415.357351 -0.007
418.367202 -0.008
421.398863 -0.008
424.452493 -0.008
427.528251 -0.006
430.626297 -0.004
433.746792 -0.002
436.889900 0.001
440.055785 0.004
443.244610 0.007
446.456543 0.010
449.691752 0.013
452.950403 0.016
456.232669 0.019
459.538719 0.021
462.868726 0.023
466.222863 0.025
469.601306 0.026
473.004231 0.026
476.431815 0.026
479.884236 0.026
483.361675 0.025
486.864313 0.023
490.392332 0.021
493.945917 0.019
497.525253 0.016
501.130526 0.013
504.761925 0.010
508.419638 0.006
512.103856 0.003
515.814771 -0.001
519.552578 -0.005
523.317470 -0.009
527.109644 -0.012
530.929298 -0.016
534.776631 -0.019
538.651842 -0.021
542.555136 -0.023
546.486714 -0.025
550.446782 -0.025
554.435546 -0.025
558.453215 -0.024
562.499997 -0.022
566.576104 -0.019
570.681748 -0.016
574.817143 -0.011
578.982505 -0.006
583.178051 -0.000
587.403999 0.006
591.660571 0.014
595.947987 0.022
600.266472 0.030
604.616250 0.038
608.997549 0.047
613.410596 0.056
617.855622 0.064
622.332859 0.073
626.842539 0.081
631.384899 0.089
635.960174 0.097
640.568604 0.104
645.210428 0.111
649.885888 0.117
654.595229 0.123
659.338696 0.128
664.116536 0.132
668.928998 0.136
673.776334 0.139
678.658795 0.142
683.576636 0.144
688.530114 0.145
693.519487 0.146
698.545015 0.146
703.606961 0.146
708.705587 0.145
713.841159 0.143
719.013947 0.141
724.224218 0.139
729.472245 0.136
734.758302 0.133
740.082664 0.129
745.445608 0.125
750.847414 0.121
756.288364 0.116
761.768741 0.111
767.288831 0.106
772.848922 0.101
778.449304 0.096
784.090269 0.091
789.772110 0.086
795.495124 0.081
801.259610 0.077
807.065867 0.072
812.914199 0.068
818.804911 0.065
824.738309 0.062
830.714703 0.059
836.734404 0.057
842.797726 0.055
848.904986 0.054
855.056501 0.053
861.252593 0.053
867.493585 0.053
873.779801 0.053
880.111569 0.054
886.489220 0.055
892.913087 0.055
899.383503 0.056
905.900807 0.056
912.465337 0.056
919.077437 0.055
925.737451 0.053
932.445727 0.051
939.202613 0.048
946.008462 0.044
952.863629 0.039
959.768472 0.033
966.723350 0.025
973.728626 0.017
980.784665 0.007
987.891835 -0.003
995.050506 -0.015
1002.261052 -0.028
1009.523849 -0.041
1016.839275 -0.055
1024.207712 -0.070
1031.629543 -0.086
1039.105156 -0.101
1046.634940 -0.117
1054.219288 -0.133
1061.858596 -0.149
1069.553261 -0.164
1077.303685 -0.178
1085.110271 -0.192
1092.973428 -0.205
1100.893564 -0.218
1108.871092 -0.229
1116.906429 -0.239
1124.999994 -0.247
1133.152207 -0.255
1141.363496 -0.261
1149.634286 -0.266
1157.965010 -0.270
1166.356102 -0.273
1174.807999 -0.274
1183.321142 -0.274
1191.895975 -0.274
1200.532944 -0.272
1209.232501 -0.270
1217.995098 -0.267
1226.821192 -0.263
1235.711245 -0.259
1244.665718 -0.255
1253.685079 -0.250
1262.769797 -0.245
1271.920348 -0.240
1281.137207 -0.235
1290.420855 -0.231
1299.771777 -0.226
1309.190459 -0.222
1318.677393 -0.218
1328.233073 -0.215
1337.857997 -0.212
1347.552668 -0.210
1357.317590 -0.208
1367.153272 -0.207
1377.060229 -0.207
1387.038975 -0.207
1397.090031 -0.209
1407.213921 -0.211
1417.411173 -0.214
1427.682319 -0.217
1438.027894 -0.222
1448.448436 -0.228
1458.944491 -0.234
1469.516604 -0.241
1480.165327 -0.250
1490.891215 -0.259
1501.694828 -0.268
1512.576727 -0.279
1523.537482 -0.290
1534.577663 -0.302
1545.697845 -0.315
1556.898609 -0.328
1568.180538 -0.341
1579.544220 -0.355
1590.990249 -0.369
1602.519220 -0.383
1614.131735 -0.397
1625.828399 -0.411
1637.609822 -0.424
1649.476617 -0.438
1661.429405 -0.451
1673.468807 -0.464
1685.595452 -0.477
1697.809972 -0.488
1710.113003 -0.499
1722.505186 -0.510
1734.987169 -0.519
1747.559601 -0.528
1760.223138 -0.536
1772.978441 -0.543
1785.826174 -0.549
1798.767006 -0.554
1811.801613 -0.558
1824.930675 -0.560
1838.154875 -0.562
1851.474903 -0.562
1864.891453 -0.561
1878.405225 -0.558
1892.016924 -0.555
1905.727258 -0.550
1919.536944 -0.544
1933.446700 -0.536
1947.457252 -0.528
1961.569330 -0.518
1975.783670 -0.507
1990.101012 -0.495
2004.522105 -0.483
2019.047698 -0.469
2033.678550 -0.455
2048.415423 -0.441
2063.259086 -0.426
2078.210312 -0.411
2093.269880 -0.396
2108.438577 -0.381
2123.717192 -0.366
2139.106522 -0.351
2154.607370 -0.337
2170.220543 -0.324
2185.946856 -0.311
2201.787128 -0.299
2217.742185 -0.288
2233.812859 -0.277
2249.999988 -0.267
2266.304415 -0.258
2282.726991 -0.250
2299.268572 -0.242
2315.930020 -0.235
2332.712203 -0.228
2349.615997 -0.222
2366.642284 -0.216
2383.791949 -0.211
2401.065888 -0.205
2418.465001 -0.200
2435.990196 -0.194
2453.642385 -0.188
2471.422489 -0.181
2489.331435 -0.174
2507.370157 -0.167
2525.539595 -0.158
2543.840696 -0.149
2562.274414 -0.139
2580.841711 -0.128
2599.543554 -0.115
2618.380918 -0.102
2637.354785 -0.087
2656.466145 -0.072
2675.715994 -0.055
2695.105335 -0.037
2714.635179 -0.018
2734.306545 0.002
2754.120457 0.024
2774.077949 0.046
2794.180062 0.070
2814.427842 0.094
2834.822347 0.119
2855.364638 0.146
2876.055787 0.173
2896.896873 0.200
2917.888982 0.228
2939.033208 0.257
2960.330654 0.286
2981.782431 0.315
3003.389655 0.345
3025.153455 0.374
3047.074964 0.403
3069.155325 0.432
3091.395690 0.460
3113.797217 0.488
3136.361075 0.515
3159.088441 0.541
3181.980498 0.566
3205.038440 0.590
3228.263470 0.613
3251.656798 0.634
3275.219643 0.653
3298.953235 0.671
3322.858810 0.688
3346.937615 0.702
3371.190904 0.715
3395.619943 0.726
3420.226005 0.735
3445.010373 0.742
3469.974338 0.748
3495.119202 0.752
3520.446277 0.754
3545.956882 0.754
3571.652347 0.753
3597.534012 0.751
3623.603227 0.747
3649.861350 0.742
3676.309750 0.736
3702.949805 0.729
3729.782906 0.721
3756.810451 0.712
3784.033848 0.703
3811.454517 0.693
3839.073887 0.683
3866.893399 0.673
3894.914503 0.662
3923.138659 0.652
3951.567339 0.641
3980.202025 0.631
4009.044210 0.620
4038.095396 0.610
4067.357100 0.600
4096.830847 0.590
4126.518172 0.579
4156.420623 0.569
4186.539761 0.559
4216.877153 0.549
4247.434384 0.539
4278.213044 0.528
4309.214739 0.517
4340.441086 0.506
4371.893711 0.494
4403.574255 0.482
4435.484369 0.469
4467.625718 0.455
4499.999975 0.440
4532.608830 0.425
4565.453982 0.409
4598.537144 0.392
4631.860039 0.373
4665.424407 0.354
4699.231995 0.333
4733.284567 0.312
4767.583898 0.289
4802.131777 0.265
4836.930003 0.240
4871.980392 0.215
4907.284770 0.188
4942.844978 0.160
4978.662871 0.131
5014.740314 0.101
5051.079190 0.070
5087.681391 0.039
5124.548828 0.007
5161.683421 -0.025
5199.087107 -0.058
5236.761836 -0.091
5274.709571 -0.125
5312.932290 -0.158
5351.431988 -0.192
5390.210670 -0.226
5429.270359 -0.259
5468.613090 -0.292
5508.240914 -0.325
5548.155899 -0.358
5588.360123 -0.390
5628.855685 -0.421
5669.644693 -0.451
5710.729276 -0.481
5752.111574 -0.510
5793.793746 -0.537
5835.777964 -0.564
5878.066416 -0.589
5920.661309 -0.613
5963.564861 -0.636
6006.779311 -0.657
6050.306910 -0.678
6094.149928 -0.696
6138.310650 -0.714
6182.791379 -0.730
6227.594434 -0.745
6272.722151 -0.758
6318.176881 -0.770
6363.960996 -0.780
6410.076880 -0.789
6456.526940 -0.797
6503.313596 -0.804
6550.439287 -0.809
6597.906470 -0.813
6645.717620 -0.815
6693.875229 -0.817
6742.381809 -0.817
6791.239887 -0.815
6840.452010 -0.813
6890.020745 -0.809
6939.948676 -0.804
6990.238405 -0.798
7040.892554 -0.790
7091.913764 -0.782
7143.304694 -0.772
7195.068025 -0.761
7247.206454 -0.749
7299.722699 -0.736
7352.619499 -0.723
7405.899611 -0.708
7459.565812 -0.693
7513.620901 -0.678
7568.067696 -0.662
7622.909034 -0.646
7678.147775 -0.630
7733.786799 -0.614
7789.829006 -0.599
7846.277318 -0.584
7903.134678 -0.569
7960.404050 -0.555
8018.088419 -0.542
8076.190793 -0.530
8134.714201 -0.519
8193.661693 -0.509
8253.036343 -0.500
8312.841247 -0.493
8373.079521 -0.486
8433.754307 -0.481
8494.868767 -0.477
8556.426088 -0.474
8618.429479 -0.473
8680.882171 -0.472
8743.787422 -0.472
8807.148510 -0.473
8870.968739 -0.474
8935.251435 -0.476
8999.999950 -0.479
9065.217660 -0.482
9130.907964 -0.485
9197.074287 -0.488
9263.720079 -0.492
9330.848813 -0.495
9398.463990 -0.498
9466.569134 -0.501
9535.167797 -0.504
9604.263553 -0.506
9673.860006 -0.508
9743.960783 -0.509
9814.569540 -0.510
9885.689957 -0.510
9957.325741 -0.510
10029.480628 -0.509
10102.158379 -0.508
10175.362783 -0.506
10249.097656 -0.504
10323.366843 -0.502
10398.174214 -0.499
10473.523671 -0.497
10549.419141 -0.494
10625.864581 -0.491
10702.863976 -0.488
10780.421340 -0.485
10858.540717 -0.482
10937.226179 -0.480
11016.481829 -0.478
11096.311798 -0.476
11176.720247 -0.475
11257.711369 -0.475
11339.289386 -0.475
11421.458552 -0.476
11504.223149 -0.477
11587.587492 -0.479
11671.555927 -0.482
11756.132833 -0.485
11841.322618 -0.490
11927.129723 -0.494
12013.558621 -0.499
12100.613819 -0.505
12188.299855 -0.511
12276.621300 -0.518
12365.582759 -0.525
12455.188869 -0.532
12545.444302 -0.539
12636.353763 -0.546
12727.921991 -0.553
12820.153761 -0.560
12913.053880 -0.567
13006.627191 -0.573
13100.878573 -0.580
13195.812940 -0.585
13291.435240 -0.591
13387.750459 -0.595
13484.763617 -0.600
13582.479773 -0.603
13680.904021 -0.606
13780.041491 -0.608
13879.897352 -0.610
13980.476810 -0.610
14081.785108 -0.610
14183.827528 -0.610
14286.609389 -0.608
14390.136050 -0.607
14494.412908 -0.604
14599.445398 -0.601
14705.238998 -0.597
14811.799222 -0.594
14919.131625 -0.589
15027.241802 -0.585
15136.135391 -0.580
15245.818068 -0.575
15356.295550 -0.570
15467.573598 -0.565
15579.658012 -0.561
15692.554636 -0.556
15806.269356 -0.551
15920.808100 -0.547
16036.176838 -0.543
16152.381586 -0.539
16269.428401 -0.536
16387.323386 -0.532
16506.072687 -0.529
16625.682493 -0.526
16746.159042 -0.523
16867.508614 -0.519
16989.737535 -0.516
17112.852176 -0.513
17236.858957 -0.509
17361.764343 -0.505
17487.574844 -0.501
17614.297020 -0.496
17741.937478 -0.491
17870.502870 -0.486
17999.999901 -0.479
18130.435320 -0.473
18261.815928 -0.466
18394.148574 -0.458
18527.440157 -0.450
18661.697626 -0.442
18796.927980 -0.434
18933.138269 -0.425
19070.335593 -0.416
19208.527106 -0.407
19347.720012 -0.399
19487.921567 -0.390
19629.139080 -0.382
19771.379913 -0.374
19914.651482 -0.367
20058.961256 -0.360
