10.000000 5.000
10.072464 5.000
10.145453 5.000
10.218971 5.000
10.293022 5.000
10.367610 5.000
10.442738 5.000
10.518410 5.000
10.594631 5.000
10.671404 5.000
10.748733 5.000
10.826623 5.000
10.905077 5.000
10.984100 5.000
11.063695 5.000
11.143867 5.000
11.224620 5.000
11.305959 5.000
11.387886 5.000
11.470408 5.000
11.553527 5.000
11.637249 5.000
11.721577 5.000
11.806516 5.000
11.892071 5.000
11.978246 5.000
12.065045 5.000
12.152474 5.000
12.240535 5.000
12.329235 5.000
12.418578 5.000
12.508568 5.000
12.599210 4.999
12.690510 4.999
12.782470 4.999
12.875097 4.999
12.968396 4.999
13.062370 4.999
13.157025 4.999
13.252366 4.999
13.348399 4.999
13.445127 4.999
13.542555 4.999
13.640690 4.999
13.739536 4.999
13.839099 4.999
13.939383 4.999
14.040393 4.999
14.142136 4.999
14.244615 4.999
14.347838 4.998
14.451808 4.998
14.556532 4.998
14.662014 4.998
14.768261 4.998
14.875278 4.998
14.983071 4.998
15.091644 4.998
15.201005 4.998
15.311157 4.997
15.422108 4.997
15.533863 4.997
15.646428 4.997
15.759808 4.997
15.874011 4.997
15.989040 4.996
16.104903 4.996
16.221606 4.996
16.339155 4.996
16.457555 4.995
16.576813 4.995
16.696935 4.995
16.817928 4.995
16.939798 4.994
17.062551 4.994
17.186193 4.994
17.310731 4.993
17.436172 4.993
17.562522 4.992
17.689787 4.992
17.817974 4.991
17.947091 4.991
18.077143 4.990
18.208137 4.990
18.340081 4.989
18.472981 4.989
18.606843 4.988
18.741676 4.987
18.877486 4.987
19.014280 4.986
19.152066 4.985
19.290849 4.984
19.430639 4.984
19.571441 4.983
19.713264 4.982
19.856114 4.981
20.000000 4.980
20.144928 4.979
20.290907 4.977
20.437943 4.976
20.586045 4.975
20.735220 4.974
20.885476 4.972
21.036820 4.971
21.189262 4.969
21.342808 4.968
21.497467 4.966
21.653246 4.964
21.810155 4.962
21.968200 4.960
22.127391 4.958
22.287735 4.956
22.449241 4.954
22.611917 4.952
22.775773 4.949
22.940815 4.947
23.107054 4.944
23.274497 4.941
23.443154 4.939
23.613033 4.936
23.784142 4.932
23.956492 4.929
24.130091 4.926
24.304947 4.922
24.481071 4.919
24.658471 4.915
24.837156 4.911
25.017137 4.907
25.198421 4.902
25.381019 4.898
25.564940 4.893
25.750195 4.889
25.936791 4.884
26.124740 4.878
26.314050 4.873
26.504733 4.868
26.696797 4.862
26.890253 4.856
27.085111 4.850
27.281381 4.843
27.479073 4.837
27.678198 4.830
27.878765 4.823
28.080786 4.816
28.284271 4.808
28.489231 4.801
28.695675 4.793
28.903616 4.785
29.113064 4.776
29.324029 4.768
29.536523 4.759
29.750557 4.750
29.966142 4.740
30.183289 4.731
30.402009 4.721
30.622315 4.711
30.844217 4.701
31.067726 4.690
31.292856 4.680
31.519617 4.669
31.748021 4.657
31.978080 4.646
32.209807 4.634
32.443212 4.622
32.678309 4.610
32.915110 4.598
33.153626 4.585
33.393871 4.572
33.635857 4.559
33.879596 4.546
34.125101 4.533
34.372386 4.519
34.621462 4.505
34.872344 4.491
35.125043 4.477
35.379574 4.462
35.635949 4.447
35.894182 4.433
36.154286 4.418
36.416274 4.402
36.680162 4.387
36.945961 4.371
37.213687 4.356
37.483353 4.340
37.754973 4.324
38.028561 4.308
38.304131 4.291
38.581699 4.275
38.861278 4.258
39.142882 4.241
39.426528 4.225
39.712229 4.208
40.000000 4.190
40.289856 4.173
40.581813 4.156
40.875886 4.138
41.172089 4.121
41.470439 4.103
41.770951 4.085
42.073641 4.067
42.378524 4.049
42.685616 4.031
42.994934 4.013
43.306493 3.995
43.620309 3.976
43.936400 3.958
44.254781 3.940
44.575470 3.921
44.898482 3.902
45.223835 3.884
45.551545 3.865
45.881631 3.846
46.214108 3.827
46.548994 3.808
46.886308 3.789
47.226065 3.770
47.568285 3.751
47.912984 3.732
48.260181 3.713
48.609894 3.693
48.962142 3.674
49.316942 3.655
49.674312 3.635
50.034273 3.616
50.396842 3.597
50.762038 3.577
51.129881 3.558
51.500389 3.538
51.873582 3.518
52.249480 3.499
52.628101 3.479
53.009466 3.460
53.393594 3.440
53.780506 3.420
54.170222 3.400
54.562762 3.381
54.958146 3.361
55.356395 3.341
55.757531 3.321
56.161573 3.301
56.568542 3.282
56.978461 3.262
57.391351 3.242
57.807232 3.222
58.226127 3.202
58.648058 3.182
59.073046 3.162
59.501113 3.142
59.932283 3.122
60.366577 3.102
60.804018 3.082
61.244629 3.062
61.688433 3.042
62.135453 3.022
62.585712 3.002
63.039234 2.982
63.496042 2.962
63.956161 2.942
64.419613 2.922
64.886424 2.902
65.356618 2.882
65.830219 2.862
66.307252 2.842
66.787742 2.822
67.271713 2.802
67.759192 2.782
68.250203 2.762
68.744772 2.742
69.242925 2.722
69.744688 2.701
70.250086 2.681
70.759147 2.661
71.271897 2.641
71.788363 2.621
72.308571 2.601
72.832549 2.581
73.360323 2.561
73.891923 2.541
74.427374 2.521
74.966705 2.501
75.509945 2.481
76.057121 2.461
76.608262 2.440
77.163398 2.420
77.722555 2.400
78.285765 2.380
78.853056 2.360
79.424458 2.340
80.000000 2.320
80.579713 2.300
81.163627 2.280
81.751772 2.260
82.344179 2.240
82.940879 2.220
83.541903 2.200
84.147282 2.180
84.757048 2.160
85.371232 2.140
85.989867 2.120
86.612985 2.100
87.240619 2.080
87.872800 2.060
88.509563 2.040
89.150939 2.021
89.796964 2.001
90.447670 1.981
91.103091 1.961
91.763261 1.941
92.428216 1.921
93.097989 1.902
93.772615 1.882
94.452130 1.862
95.136569 1.843
95.825968 1.823
96.520362 1.803
97.219789 1.784
97.924283 1.764
98.633883 1.744
99.348625 1.725
100.068546 1.706
100.793684 1.686
101.524077 1.667
102.259762 1.647
103.000778 1.628
103.747164 1.609
104.498959 1.590
105.256202 1.570
106.018931 1.551
106.787188 1.532
107.561012 1.513
108.340444 1.494
109.125523 1.476
109.916292 1.457
110.712791 1.438
111.515061 1.419
112.323145 1.401
113.137085 1.382
113.956923 1.364
114.782702 1.346
115.614465 1.327
116.452255 1.309
117.296116 1.291
118.146092 1.273
119.002227 1.256
119.864566 1.238
120.733154 1.220
121.608036 1.203
122.489258 1.185
123.376866 1.168
124.270906 1.151
125.171424 1.134
126.078468 1.117
126.992084 1.101
127.912321 1.084
128.839227 1.068
129.772849 1.051
130.713236 1.035
131.660438 1.019
132.614504 1.004
133.575483 0.988
134.543426 0.973
135.518384 0.957
136.500406 0.942
137.489544 0.927
138.485850 0.913
139.489375 0.898
140.500173 0.884
141.518295 0.870
142.543795 0.856
143.576726 0.842
144.617142 0.829
145.665098 0.815
146.720647 0.802
147.783845 0.789
148.854748 0.777
149.933411 0.764
151.019890 0.752
152.114242 0.740
153.216525 0.728
154.326795 0.717
155.445111 0.705
156.571530 0.694
157.706112 0.683
158.848915 0.673
160.000000 0.662
161.159426 0.652
162.327254 0.642
163.503544 0.632
164.688358 0.622
165.881758 0.612
167.083805 0.603
168.294563 0.594
169.514095 0.585
170.742464 0.576
171.979734 0.568
173.225970 0.559
174.481237 0.551
175.745600 0.543
177.019125 0.535
178.301879 0.528
179.593928 0.520
180.895339 0.513
182.206182 0.506
183.526523 0.499
184.856431 0.492
186.195977 0.485
187.545230 0.478
188.904260 0.472
190.273138 0.466
191.651936 0.459
193.040725 0.453
194.439578 0.447
195.848567 0.441
197.267766 0.436
198.697250 0.430
200.137092 0.424
201.587368 0.419
203.048153 0.414
204.519524 0.408
206.001557 0.403
207.494329 0.398
208.997918 0.393
210.512403 0.388
212.037863 0.384
213.574377 0.379
215.122025 0.374
216.680888 0.370
218.251047 0.365
219.832584 0.361
221.425581 0.356
223.030122 0.352
224.646290 0.348
226.274170 0.343
227.913846 0.339
229.565404 0.335
231.228929 0.331
232.904509 0.327
234.592231 0.323
236.292183 0.319
238.004454 0.315
239.729132 0.311
241.466308 0.307
243.216073 0.304
244.978517 0.300
246.753732 0.296
248.541811 0.292
250.342848 0.289
252.156935 0.285
253.984168 0.281
255.824642 0.278
257.678453 0.274
259.545697 0.271
261.426473 0.267
263.320877 0.264
265.229008 0.260
267.150967 0.257
269.086853 0.253
271.036767 0.250
273.000811 0.246
274.979088 0.243
276.971700 0.240
278.978751 0.236
281.000346 0.233
283.036590 0.229
285.087590 0.226
287.153452 0.223
289.234284 0.219
291.330195 0.216
293.441294 0.213
295.567690 0.210
297.709496 0.206
299.866821 0.203
302.039780 0.200
304.228485 0.196
306.433050 0.193
308.653590 0.190
310.890221 0.187
313.143060 0.183
315.412224 0.180
317.697831 0.177
320.000000 0.174
322.318852 0.171
324.654507 0.167
327.007088 0.164
329.376716 0.161
331.763515 0.158
334.167610 0.155
336.589127 0.151
339.028190 0.148
341.484928 0.145
343.959469 0.142
346.451941 0.139
348.962474 0.135
351.491200 0.132
354.038251 0.129
356.603758 0.126
359.187855 0.123
361.790679 0.120
364.412363 0.116
367.053045 0.113
369.712863 0.110
372.391955 0.107
375.090460 0.104
377.808521 0.101
380.546277 0.097
383.303872 0.094
386.081450 0.091
388.879155 0.088
391.697134 0.085
394.535533 0.082
397.394500 0.079
400.274184 0.075
403.174736 0.072
406.096306 0.069
409.039048 0.066
412.003113 0.063
414.988657 0.060
417.995836 0.057
421.024807 0.053
424.075726 0.050
427.148753 0.047
430.244049 0.044
433.361775 0.041
436.502093 0.038
439.665167 0.035
442.851162 0.031
446.060244 0.028
449.292581 0.025
452.548340 0.022
455.827692 0.019
459.130807 0.016
462.457858 0.013
465.809019 0.009
469.184463 0.006
472.584367 0.003
476.008908 -0.000
479.458265 -0.003
482.932617 -0.006
486.432146 -0.009
489.957033 -0.013
493.507464 -0.016
497.083623 -0.019
500.685695 -0.022
504.313870 -0.025
507.968337 -0.028
511.649285 -0.031
515.356906 -0.035
519.091395 -0.038
522.852945 -0.041
526.641753 -0.044
530.458016 -0.047
534.301934 -0.050
538.173706 -0.053
542.073534 -0.056
546.001623 -0.060
549.958175 -0.063
553.943399 -0.066
557.957501 -0.069
562.000691 -0.072
566.073180 -0.075
570.175180 -0.078
574.306904 -0.082
578.468569 -0.085
582.660390 -0.088
586.882588 -0.091
591.135381 -0.094
595.418991 -0.097
599.733643 -0.100
604.079560 -0.104
608.456970 -0.107
612.866100 -0.110
617.307180 -0.113
621.780442 -0.116
626.286120 -0.119
630.824447 -0.122
635.395661 -0.126
640.000000 -0.129
644.637704 -0.132
649.309014 -0.135
654.014175 -0.138
658.753431 -0.141
663.527030 -0.144
668.335221 -0.148
673.178253 -0.151
678.056380 -0.154
682.969856 -0.157
687.918938 -0.160
692.903882 -0.163
697.924949 -0.166
702.982401 -0.170
708.076501 -0.173
713.207515 -0.176
718.375711 -0.179
723.581357 -0.182
728.824726 -0.185
734.106091 -0.188
739.425726 -0.192
744.783910 -0.195
750.180921 -0.198
755.617041 -0.201
761.092554 -0.204
766.607744 -0.207
772.162900 -0.210
777.758310 -0.214
783.394268 -0.217
789.071066 -0.220
794.789000 -0.223
800.548368 -0.226
806.349472 -0.229
812.192613 -0.233
818.078095 -0.236
824.006226 -0.239
829.977315 -0.242
835.991673 -0.245
842.049613 -0.248
848.151452 -0.252
854.297507 -0.255
860.488099 -0.258
866.723550 -0.261
873.004186 -0.264
879.330334 -0.268
885.702324 -0.271
892.120489 -0.274
898.585161 -0.277
905.096680 -0.280
911.655384 -0.283
918.261614 -0.287
924.915716 -0.290
931.618037 -0.293
938.368925 -0.296
945.168733 -0.300
952.017816 -0.303
958.916529 -0.306
965.865234 -0.309
972.864291 -0.312
979.914067 -0.316
987.014928 -0.319
994.167245 -0.322
1001.371391 -0.326
1008.627741 -0.329
1015.936673 -0.332
1023.298569 -0.335
1030.713812 -0.339
1038.182790 -0.342
1045.705890 -0.345
1053.283506 -0.349
1060.916032 -0.352
1068.603867 -0.355
1076.347412 -0.359
1084.147069 -0.362
1092.003245 -0.365
1099.916351 -0.369
1107.886798 -0.372
1115.915003 -0.375
1124.001383 -0.379
1132.146360 -0.382
1140.350359 -0.386
1148.613808 -0.389
1156.937137 -0.393
1165.320781 -0.396
1173.765175 -0.400
1182.270762 -0.403
1190.837983 -0.407
1199.467286 -0.410
1208.159120 -0.414
1216.913939 -0.417
1225.732199 -0.421
1234.614360 -0.425
1243.560885 -0.428
1252.572239 -0.432
1261.648894 -0.436
1270.791322 -0.439
1280.000000 -0.443
1289.275408 -0.447
1298.618029 -0.450
1308.028350 -0.454
1317.506863 -0.458
1327.054061 -0.462
1336.670442 -0.466
1346.356507 -0.470
1356.112761 -0.474
1365.939713 -0.477
1375.837875 -0.481
1385.807763 -0.485
1395.849898 -0.489
1405.964802 -0.493
1416.153002 -0.498
1426.415031 -0.502
1436.751422 -0.506
1447.162715 -0.510
1457.649452 -0.514
1468.212181 -0.518
1478.851452 -0.523
1489.567819 -0.527
1500.361842 -0.531
1511.234082 -0.536
1522.185107 -0.540
1533.215488 -0.544
1544.325799 -0.549
1555.516621 -0.553
1566.788535 -0.558
1578.142131 -0.562
1589.577999 -0.567
1601.096737 -0.571
1612.698944 -0.576
1624.385225 -0.581
1636.156190 -0.585
1648.012452 -0.590
1659.954630 -0.595
1671.983345 -0.599
1684.099226 -0.604
1696.302903 -0.609
1708.595013 -0.614
1720.976197 -0.619
1733.447100 -0.623
1746.008372 -0.628
1758.660669 -0.633
1771.404649 -0.638
1784.240977 -0.643
1797.170323 -0.648
1810.193360 -0.653
1823.310767 -0.658
1836.523229 -0.663
1849.831433 -0.668
1863.236074 -0.673
1876.737851 -0.678
1890.337467 -0.684
1904.035631 -0.689
1917.833058 -0.694
1931.730467 -0.699
1945.728583 -0.704
1959.828134 -0.709
1974.029857 -0.715
1988.334491 -0.720
2002.742782 -0.725
2017.255482 -0.730
2031.873347 -0.736
2046.597138 -0.741
2061.427625 -0.746
2076.365579 -0.752
2091.411780 -0.757
2106.567012 -0.762
2121.832065 -0.768
2137.207735 -0.773
2152.694823 -0.778
2168.294137 -0.784
2184.006490 -0.789
2199.832702 -0.794
2215.773596 -0.800
2231.830005 -0.805
2248.002765 -0.811
2264.292720 -0.816
2280.700718 -0.822
2297.227616 -0.827
2313.874274 -0.832
2330.641561 -0.838
2347.530351 -0.843
2364.541523 -0.849
2381.675966 -0.854
2398.934572 -0.860
2416.318240 -0.865
2433.827878 -0.871
2451.464399 -0.876
2469.228720 -0.882
2487.121769 -0.887
2505.144479 -0.893
2523.297789 -0.898
2541.582644 -0.904
2560.000000 -0.909
2578.550815 -0.915
2597.236057 -0.920
2616.056701 -0.926
2635.013726 -0.931
2654.108121 -0.937
2673.340883 -0.942
2692.713013 -0.948
2712.225522 -0.953
2731.879426 -0.959
2751.675750 -0.964
2771.615527 -0.970
2791.699796 -0.976
2811.929603 -0.981
2832.306004 -0.987
2852.830061 -0.992
2873.502844 -0.998
2894.325430 -1.003
2915.298905 -1.009
2936.424363 -1.014
2957.702904 -1.020
2979.135638 -1.026
3000.723683 -1.031
3022.468164 -1.037
3044.370214 -1.042
3066.430976 -1.048
3088.651599 -1.053
3111.033242 -1.059
3133.577071 -1.064
3156.284262 -1.070
3179.155999 -1.076
3202.193474 -1.081
3225.397888 -1.087
3248.770450 -1.092
3272.312380 -1.098
3296.024905 -1.103
3319.909260 -1.109
3343.966691 -1.114
3368.198452 -1.120
3392.605806 -1.126
3417.190027 -1.131
3441.952394 -1.137
3466.894200 -1.142
3492.016745 -1.148
3517.321337 -1.153
3542.809298 -1.159
3568.481954 -1.165
3594.340646 -1.170
3620.386720 -1.176
3646.621534 -1.181
3673.046457 -1.187
3699.662866 -1.192
3726.472148 -1.198
3753.475701 -1.204
3780.674934 -1.209
3808.071263 -1.215
3835.666117 -1.220
3863.460935 -1.226
3891.457165 -1.231
3919.656268 -1.237
3948.059713 -1.243
3976.668981 -1.248
4005.485564 -1.254
4034.510963 -1.259
4063.746693 -1.265
4093.194277 -1.270
4122.855250 -1.276
4152.731158 -1.282
4182.823560 -1.287
4213.134024 -1.293
4243.664130 -1.298
4274.415470 -1.304
4305.389646 -1.309
4336.588274 -1.315
4368.012981 -1.321
4399.665403 -1.326
4431.547192 -1.332
4463.660010 -1.337
4496.005531 -1.343
4528.585440 -1.349
4561.401437 -1.354
4594.455232 -1.360
4627.748549 -1.365
4661.283122 -1.371
4695.060701 -1.376
4729.083046 -1.382
4763.351932 -1.388
4797.869143 -1.393
4832.636481 -1.399
4867.655757 -1.404
4902.928797 -1.410
4938.457440 -1.415
4974.243539 -1.421
5010.288958 -1.427
5046.595577 -1.432
5083.165289 -1.438
5120.000000 -1.443
5157.101631 -1.449
5194.472115 -1.454
5232.113401 -1.460
5270.027452 -1.466
5308.216243 -1.471
5346.681766 -1.477
5385.426026 -1.482
5424.451043 -1.488
5463.758851 -1.493
5503.351500 -1.499
5543.231054 -1.505
5583.399591 -1.510
5623.859206 -1.516
5664.612008 -1.521
5705.660122 -1.527
5747.005687 -1.532
5788.650860 -1.538
5830.597810 -1.544
5872.848725 -1.549
5915.405808 -1.555
5958.271277 -1.560
6001.447367 -1.566
6044.936328 -1.571
6088.740429 -1.577
6132.861952 -1.583
6177.303198 -1.588
6222.066483 -1.594
6267.154142 -1.599
6312.568524 -1.605
6358.311998 -1.611
6404.386948 -1.616
6450.795775 -1.622
6497.540901 -1.627
6544.624761 -1.633
6592.049809 -1.638
6639.818520 -1.644
6687.933382 -1.650
6736.396904 -1.655
6785.211613 -1.661
6834.380053 -1.666
6883.904789 -1.672
6933.788400 -1.677
6984.033489 -1.683
7034.642675 -1.689
7085.618596 -1.694
7136.963909 -1.700
7188.681291 -1.705
7240.773439 -1.711
7293.243069 -1.716
7346.092914 -1.722
7399.325732 -1.728
7452.944296 -1.733
7506.951403 -1.739
7561.349867 -1.744
7616.142525 -1.750
7671.332234 -1.755
7726.921869 -1.761
7782.914330 -1.767
7839.312536 -1.772
7896.119426 -1.778
7953.337962 -1.783
8010.971128 -1.789
8069.021927 -1.794
8127.493386 -1.800
8186.388553 -1.806
8245.710500 -1.811
8305.462317 -1.817
8365.647121 -1.822
8426.268048 -1.828
8487.328260 -1.833
8548.830939 -1.839
8610.779292 -1.844
8673.176549 -1.850
8736.025961 -1.856
8799.330806 -1.861
8863.094385 -1.867
8927.320020 -1.872
8992.011061 -1.878
9057.170880 -1.883
9122.802874 -1.889
9188.910464 -1.895
9255.497097 -1.900
9322.566244 -1.906
9390.121402 -1.911
9458.166093 -1.917
9526.703863 -1.922
9595.738287 -1.928
9665.272962 -1.933
9735.311514 -1.939
9805.857594 -1.945
9876.914881 -1.950
9948.487077 -1.956
10020.577916 -1.961
10093.191154 -1.967
10166.330578 -1.972
10240.000000 -1.978
10314.203261 -1.983
10388.944230 -1.989
10464.226802 -1.994
10540.054903 -2.000
10616.432486 -2.005
10693.363532 -2.011
10770.852052 -2.016
10848.902086 -2.022
10927.517703 -2.027
11006.703001 -2.033
11086.462108 -2.038
11166.799182 -2.044
11247.718413 -2.049
11329.224017 -2.055
11411.320244 -2.060
11494.011375 -2.066
11577.301719 -2.071
11661.195620 -2.077
11745.697450 -2.082
11830.811616 -2.088
11916.542554 -2.093
12002.894734 -2.099
12089.872657 -2.104
12177.480858 -2.109
12265.723904 -2.115
12354.606395 -2.120
12444.132966 -2.126
12534.308283 -2.131
12625.137048 -2.136
12716.623996 -2.142
12808.773895 -2.147
12901.591551 -2.152
12995.081802 -2.158
13089.249521 -2.163
13184.099619 -2.168
13279.637040 -2.174
13375.866764 -2.179
13472.793808 -2.184
13570.423226 -2.189
13668.760107 -2.194
13767.809577 -2.200
13867.576801 -2.205
13968.066979 -2.210
14069.285350 -2.215
14171.237191 -2.220
14273.927818 -2.225
14377.362583 -2.230
14481.546879 -2.235
14586.486137 -2.240
14692.185828 -2.245
14798.651463 -2.250
14905.888592 -2.255
15013.902806 -2.260
15122.699734 -2.265
15232.285051 -2.270
15342.664467 -2.275
15453.843739 -2.279
15565.828661 -2.284
15678.625072 -2.289
15792.238852 -2.293
15906.675925 -2.298
16021.942256 -2.303
16138.043854 -2.307
16254.986772 -2.311
16372.777107 -2.316
16491.420999 -2.320
16610.924634 -2.325
16731.294241 -2.329
16852.536096 -2.333
16974.656520 -2.337
17097.661878 -2.341
17221.558584 -2.345
17346.353097 -2.349
17472.051922 -2.353
17598.661613 -2.357
17726.188769 -2.361
17854.640040 -2.365
17984.022122 -2.368
18114.341760 -2.372
18245.605748 -2.375
18377.820928 -2.379
18510.994194 -2.382
18645.132489 -2.385
18780.242805 -2.389
18916.332186 -2.392
19053.407727 -2.395
19191.476573 -2.398
19330.545924 -2.401
19470.623028 -2.403
19611.715189 -2.406
19753.829761 -2.409
19896.974155 -2.411
20041.155832 -2.414
20186.382308 -2.416
20332.661156 -2.418
20480.000000 -2.420
20628.406522 -2.423
20777.888460 -2.425
20928.453604 -2.426
21080.109806 -2.428
21232.864972 -2.430
21386.727064 -2.432
21541.704105 -2.433
21697.804172 -2.435
21855.035406 -2.436
22013.406002 -2.437
22172.924216 -2.438
22333.598365 -2.439
22495.436825 -2.440
22658.448034 -2.441
22822.640488 -2.442
22988.022749 -2.443
23154.603438 -2.443
23322.391240 -2.444
23491.394901 -2.444
23661.623232 -2.444
23833.085108 -2.445
24005.789467 -2.445