10.000000 3.000
10.072464 3.000
10.145453 3.000
10.218971 3.000
10.293022 3.000
10.367610 3.000
10.442738 3.000
10.518410 3.000
10.594631 3.000
10.671404 3.000
10.748733 3.000
10.826623 3.000
10.905077 3.000
10.984100 3.000
11.063695 3.000
11.143867 3.000
11.224620 3.000
11.305959 3.000
11.387886 3.000
11.470408 3.000
11.553527 3.000
11.637249 3.000
11.721577 3.000
11.806516 3.000
11.892071 3.000
11.978246 3.000
12.065045 3.000
12.152474 3.000
12.240535 3.000
12.329235 3.000
12.418578 3.000
12.508568 3.000
12.599210 3.000
12.690510 3.000
12.782470 3.000
12.875097 3.000
12.968396 3.000
13.062370 3.000
13.157025 3.000
13.252366 3.000
13.348399 3.000
13.445127 2.999
13.542555 2.999
13.640690 2.999
13.739536 2.999
13.839099 2.999
13.939383 2.999
14.040393 2.999
14.142136 2.999
14.244615 2.999
14.347838 2.999
14.451808 2.999
14.556532 2.999
14.662014 2.999
14.768261 2.999
14.875278 2.999
14.983071 2.999
15.091644 2.999
15.201005 2.999
15.311157 2.999
15.422108 2.998
15.533863 2.998
15.646428 2.998
15.759808 2.998
15.874011 2.998
15.989040 2.998
16.104903 2.998
16.221606 2.998
16.339155 2.998
16.457555 2.997
16.576813 2.997
16.696935 2.997
16.817928 2.997
16.939798 2.997
17.062551 2.996
17.186193 2.996
17.310731 2.996
17.436172 2.996
17.562522 2.996
17.689787 2.995
17.817974 2.995
17.947091 2.995
18.077143 2.995
18.208137 2.994
18.340081 2.994
18.472981 2.994
18.606843 2.993
18.741676 2.993
18.877486 2.992
19.014280 2.992
19.152066 2.992
19.290849 2.991
19.430639 2.991
19.571441 2.990
19.713264 2.989
19.856114 2.989
20.000000 2.988
20.144928 2.988
20.290907 2.987
20.437943 2.986
20.586045 2.986
20.735220 2.985
20.885476 2.984
21.036820 2.983
21.189262 2.982
21.342808 2.981
21.497467 2.980
21.653246 2.979
21.810155 2.978
21.968200 2.977
22.127391 2.976
22.287735 2.975
22.449241 2.974
22.611917 2.972
22.775773 2.971
22.940815 2.969
23.107054 2.968
23.274497 2.966
23.443154 2.965
23.613033 2.963
23.784142 2.961
23.956492 2.959
24.130091 2.957
24.304947 2.955
24.481071 2.953
24.658471 2.951
24.837156 2.949
25.017137 2.946
25.198421 2.944
25.381019 2.941
25.564940 2.939
25.750195 2.936
25.936791 2.933
26.124740 2.930
26.314050 2.927
26.504733 2.924
26.696797 2.921
26.890253 2.917
27.085111 2.914
27.281381 2.910
27.479073 2.906
27.678198 2.902
27.878765 2.898
28.080786 2.894
28.284271 2.890
28.489231 2.886
28.695675 2.881
28.903616 2.876
29.113064 2.872
29.324029 2.867
29.536523 2.862
29.750557 2.856
29.966142 2.851
30.183289 2.846
30.402009 2.840
30.622315 2.834
30.844217 2.828
31.067726 2.822
31.292856 2.816
31.519617 2.810
31.748021 2.804
31.978080 2.797
32.209807 2.790
32.443212 2.784
32.678309 2.777
32.915110 2.770
33.153626 2.763
33.393871 2.755
33.635857 2.748
33.879596 2.740
34.125101 2.733
34.372386 2.725
34.621462 2.717
34.872344 2.709
35.125043 2.701
35.379574 2.693
35.635949 2.684
35.894182 2.676
36.154286 2.667
36.416274 2.659
36.680162 2.650
36.945961 2.641
37.213687 2.632
37.483353 2.624
37.754973 2.614
38.028561 2.605
38.304131 2.596
38.581699 2.587
38.861278 2.577
39.142882 2.568
39.426528 2.558
39.712229 2.549
40.000000 2.539
40.289856 2.530
40.581813 2.520
40.875886 2.510
41.172089 2.500
41.470439 2.490
41.770951 2.480
42.073641 2.470
42.378524 2.460
42.685616 2.450
42.994934 2.440
43.306493 2.429
43.620309 2.419
43.936400 2.409
44.254781 2.398
44.575470 2.388
44.898482 2.377
45.223835 2.367
45.551545 2.357
45.881631 2.346
46.214108 2.335
46.548994 2.325
46.886308 2.314
47.226065 2.303
47.568285 2.293
47.912984 2.282
48.260181 2.271
48.609894 2.261
48.962142 2.250
49.316942 2.239
49.674312 2.228
50.034273 2.217
50.396842 2.207
50.762038 2.196
51.129881 2.185
51.500389 2.174
51.873582 2.163
52.249480 2.152
52.628101 2.141
53.009466 2.130
53.393594 2.119
53.780506 2.108
54.170222 2.097
54.562762 2.086
54.958146 2.075
55.356395 2.064
55.757531 2.053
56.161573 2.042
56.568542 2.031
56.978461 2.020
57.391351 2.009
57.807232 1.998
58.226127 1.987
58.648058 1.976
59.073046 1.964
59.501113 1.953
59.932283 1.942
60.366577 1.931
60.804018 1.920
61.244629 1.909
61.688433 1.898
62.135453 1.887
62.585712 1.875
63.039234 1.864
63.496042 1.853
63.956161 1.842
64.419613 1.831
64.886424 1.820
65.356618 1.809
65.830219 1.797
66.307252 1.786
66.787742 1.775
67.271713 1.764
67.759192 1.753
68.250203 1.742
68.744772 1.730
69.242925 1.719
69.744688 1.708
70.250086 1.697
70.759147 1.686
71.271897 1.675
71.788363 1.664
72.308571 1.652
72.832549 1.641
73.360323 1.630
73.891923 1.619
74.427374 1.608
74.966705 1.597
75.509945 1.585
76.057121 1.574
76.608262 1.563
77.163398 1.552
77.722555 1.541
78.285765 1.530
78.853056 1.519
79.424458 1.507
80.000000 1.496
80.579713 1.485
81.163627 1.474
81.751772 1.463
82.344179 1.452
82.940879 1.441
83.541903 1.430
84.147282 1.418
84.757048 1.407
85.371232 1.396
85.989867 1.385
86.612985 1.374
87.240619 1.363
87.872800 1.352
88.509563 1.341
89.150939 1.330
89.796964 1.319
90.447670 1.308
91.103091 1.297
91.763261 1.286
92.428216 1.275
93.097989 1.264
93.772615 1.253
94.452130 1.242
95.136569 1.231
95.825968 1.220
96.520362 1.209
97.219789 1.198
97.924283 1.187
98.633883 1.176
99.348625 1.166
100.068546 1.155
100.793684 1.144
101.524077 1.133
102.259762 1.122
103.000778 1.112
103.747164 1.101
104.498959 1.090
105.256202 1.080
106.018931 1.069
106.787188 1.058
107.561012 1.048
108.340444 1.037
109.125523 1.027
109.916292 1.016
110.712791 1.006
111.515061 0.995
112.323145 0.985
113.137085 0.975
113.956923 0.964
114.782702 0.954
115.614465 0.944
116.452255 0.934
117.296116 0.924
118.146092 0.914
119.002227 0.904
119.864566 0.894
120.733154 0.884
121.608036 0.874
122.489258 0.864
123.376866 0.854
124.270906 0.845
125.171424 0.835
126.078468 0.826
126.992084 0.816
127.912321 0.807
128.839227 0.798
129.772849 0.788
130.713236 0.779
131.660438 0.770
132.614504 0.761
133.575483 0.752
134.543426 0.743
135.518384 0.735
136.500406 0.726
137.489544 0.717
138.485850 0.709
139.489375 0.700
140.500173 0.692
141.518295 0.684
142.543795 0.676
143.576726 0.668
144.617142 0.660
145.665098 0.652
146.720647 0.644
147.783845 0.637
148.854748 0.629
149.933411 0.622
151.019890 0.615
152.114242 0.607
153.216525 0.600
154.326795 0.593
155.445111 0.586
156.571530 0.579
157.706112 0.573
158.848915 0.566
160.000000 0.560
161.159426 0.553
162.327254 0.547
163.503544 0.541
164.688358 0.534
165.881758 0.528
167.083805 0.522
168.294563 0.517
169.514095 0.511
170.742464 0.505
171.979734 0.499
173.225970 0.494
174.481237 0.488
175.745600 0.483
177.019125 0.478
178.301879 0.473
179.593928 0.467
180.895339 0.462
182.206182 0.457
183.526523 0.453
184.856431 0.448
186.195977 0.443
187.545230 0.438
188.904260 0.433
190.273138 0.429
191.651936 0.424
193.040725 0.420
194.439578 0.415
195.848567 0.411
197.267766 0.407
198.697250 0.402
200.137092 0.398
201.587368 0.394
203.048153 0.390
204.519524 0.386
206.001557 0.382
207.494329 0.378
208.997918 0.374
210.512403 0.370
212.037863 0.366
213.574377 0.362
215.122025 0.358
216.680888 0.354
218.251047 0.351
219.832584 0.347
221.425581 0.343
223.030122 0.340
224.646290 0.336
226.274170 0.332
227.913846 0.329
229.565404 0.325
231.228929 0.321
232.904509 0.318
234.592231 0.314
236.292183 0.311
238.004454 0.307
239.729132 0.304
241.466308 0.300
243.216073 0.297
244.978517 0.294
246.753732 0.290
248.541811 0.287
250.342848 0.283
252.156935 0.280
253.984168 0.277
255.824642 0.273
257.678453 0.270
259.545697 0.267
261.426473 0.263
263.320877 0.260
265.229008 0.257
267.150967 0.253
269.086853 0.250
271.036767 0.247
273.000811 0.244
274.979088 0.240
276.971700 0.237
278.978751 0.234
281.000346 0.231
283.036590 0.227
285.087590 0.224
287.153452 0.221
289.234284 0.218
291.330195 0.215
293.441294 0.211
295.567690 0.208
297.709496 0.205
299.866821 0.202
302.039780 0.198
304.228485 0.195
306.433050 0.192
308.653590 0.189
310.890221 0.186
313.143060 0.183
315.412224 0.179
317.697831 0.176
320.000000 0.173
322.318852 0.170
324.654507 0.167
327.007088 0.164
329.376716 0.160
331.763515 0.157
334.167610 0.154
336.589127 0.151
339.028190 0.148
341.484928 0.145
343.959469 0.141
346.451941 0.138
348.962474 0.135
351.491200 0.132
354.038251 0.129
356.603758 0.126
359.187855 0.122
361.790679 0.119
364.412363 0.116
367.053045 0.113
369.712863 0.110
372.391955 0.107
375.090460 0.104
377.808521 0.100
380.546277 0.097
383.303872 0.094
386.081450 0.091
388.879155 0.088
391.697134 0.085
394.535533 0.082
397.394500 0.078
400.274184 0.075
403.174736 0.072
406.096306 0.069
409.039048 0.066
412.003113 0.063
414.988657 0.060
417.995836 0.056
421.024807 0.053
424.075726 0.050
427.148753 0.047
430.244049 0.044
433.361775 0.041
436.502093 0.038
439.665167 0.034
442.851162 0.031
446.060244 0.028
449.292581 0.025
452.548340 0.022
455.827692 0.019
459.130807 0.016
462.457858 0.013
465.809019 0.009
469.184463 0.006
472.584367 0.003
476.008908 -0.000
479.458265 -0.003
482.932617 -0.006
486.432146 -0.009
489.957033 -0.013
493.507464 -0.016
497.083623 -0.019
500.685695 -0.022
504.313870 -0.025
507.968337 -0.028
511.649285 -0.031
515.356906 -0.035
519.091395 -0.038
522.852945 -0.041
526.641753 -0.044
530.458016 -0.047
534.301934 -0.050
538.173706 -0.053
542.073534 -0.057
546.001623 -0.060
549.958175 -0.063
553.943399 -0.066
557.957501 -0.069
562.000691 -0.072
566.073180 -0.075
570.175180 -0.078
574.306904 -0.082
578.468569 -0.085
582.660390 -0.088
586.882588 -0.091
591.135381 -0.094
595.418991 -0.097
599.733643 -0.100
604.079560 -0.104
608.456970 -0.107
612.866100 -0.110
617.307180 -0.113
621.780442 -0.116
626.286120 -0.119
630.824447 -0.122
635.395661 -0.126
640.000000 -0.129
644.637704 -0.132
649.309014 -0.135
654.014175 -0.138
658.753431 -0.141
663.527030 -0.144
668.335221 -0.148
673.178253 -0.151
678.056380 -0.154
682.969856 -0.157
687.918938 -0.160
692.903882 -0.163
697.924949 -0.167
702.982401 -0.170
708.076501 -0.173
713.207515 -0.176
718.375711 -0.179
723.581357 -0.182
728.824726 -0.185
734.106091 -0.189
739.425726 -0.192
744.783910 -0.195
750.180921 -0.198
755.617041 -0.201
761.092554 -0.204
766.607744 -0.208
772.162900 -0.211
777.758310 -0.214
783.394268 -0.217
789.071066 -0.220
794.789000 -0.223
800.548368 -0.227
806.349472 -0.230
812.192613 -0.233
818.078095 -0.236
824.006226 -0.239
829.977315 -0.243
835.991673 -0.246
842.049613 -0.249
848.151452 -0.252
854.297507 -0.255
860.488099 -0.259
866.723550 -0.262
873.004186 -0.265
879.330334 -0.268
885.702324 -0.272
892.120489 -0.275
898.585161 -0.278
905.096680 -0.281
911.655384 -0.285
918.261614 -0.288
924.915716 -0.291
931.618037 -0.294
938.368925 -0.298
945.168733 -0.301
952.017816 -0.304
958.916529 -0.308
965.865234 -0.311
972.864291 -0.314
979.914067 -0.318
987.014928 -0.321
994.167245 -0.324
1001.371391 -0.328
1008.627741 -0.331
1015.936673 -0.335
1023.298569 -0.338
1030.713812 -0.341
1038.182790 -0.345
1045.705890 -0.348
1053.283506 -0.352
1060.916032 -0.355
1068.603867 -0.359
1076.347412 -0.362
1084.147069 -0.366
1092.003245 -0.370
1099.916351 -0.373
1107.886798 -0.377
1115.915003 -0.380
1124.001383 -0.384
1132.146360 -0.388
1140.350359 -0.391
1148.613808 -0.395
1156.937137 -0.399
1165.320781 -0.403
1173.765175 -0.407
1182.270762 -0.410
1190.837983 -0.414
1199.467286 -0.418
1208.159120 -0.422
1216.913939 -0.426
1225.732199 -0.430
1234.614360 -0.434
1243.560885 -0.438
1252.572239 -0.442
1261.648894 -0.447
1270.791322 -0.451
1280.000000 -0.455
1289.275408 -0.459
1298.618029 -0.464
1308.028350 -0.468
1317.506863 -0.473
1327.054061 -0.477
1336.670442 -0.481
1346.356507 -0.486
1356.112761 -0.491
1365.939713 -0.495
1375.837875 -0.500
1385.807763 -0.505
1395.849898 -0.510
1405.964802 -0.515
1416.153002 -0.519
1426.415031 -0.524
1436.751422 -0.529
1447.162715 -0.535
1457.649452 -0.540
1468.212181 -0.545
1478.851452 -0.550
1489.567819 -0.556
1500.361842 -0.561
1511.234082 -0.566
1522.185107 -0.572
1533.215488 -0.577
1544.325799 -0.583
1555.516621 -0.589
1566.788535 -0.594
1578.142131 -0.600
1589.577999 -0.606
1601.096737 -0.612
1612.698944 -0.618
1624.385225 -0.624
1636.156190 -0.630
1648.012452 -0.636
1659.954630 -0.642
1671.983345 -0.648
1684.099226 -0.655
1696.302903 -0.661
1708.595013 -0.667
1720.976197 -0.674
1733.447100 -0.680
1746.008372 -0.687
1758.660669 -0.693
1771.404649 -0.700
1784.240977 -0.706
1797.170323 -0.713
1810.193360 -0.720
1823.310767 -0.727
1836.523229 -0.733
1849.831433 -0.740
1863.236074 -0.747
1876.737851 -0.754
1890.337467 -0.761
1904.035631 -0.768
1917.833058 -0.775
1931.730467 -0.782
1945.728583 -0.789
1959.828134 -0.796
1974.029857 -0.803
1988.334491 -0.811
2002.742782 -0.818
2017.255482 -0.825
2031.873347 -0.832
2046.597138 -0.840
2061.427625 -0.847
2076.365579 -0.854
2091.411780 -0.862
2106.567012 -0.869
2121.832065 -0.876
2137.207735 -0.884
2152.694823 -0.891
2168.294137 -0.899
2184.006490 -0.906
2199.832702 -0.913
2215.773596 -0.921
2231.830005 -0.928
2248.002765 -0.936
2264.292720 -0.944
2280.700718 -0.951
2297.227616 -0.959
2313.874274 -0.966
2330.641561 -0.974
2347.530351 -0.981
2364.541523 -0.989
2381.675966 -0.997
2398.934572 -1.004
2416.318240 -1.012
2433.827878 -1.020
2451.464399 -1.027
2469.228720 -1.035
2487.121769 -1.043
2505.144479 -1.050
2523.297789 -1.058
2541.582644 -1.066
2560.000000 -1.073
2578.550815 -1.081
2597.236057 -1.089
2616.056701 -1.097
2635.013726 -1.104
2654.108121 -1.112
2673.340883 -1.120
2692.713013 -1.128
2712.225522 -1.135
2731.879426 -1.143
2751.675750 -1.151
2771.615527 -1.159
2791.699796 -1.166
2811.929603 -1.174
2832.306004 -1.182
2852.830061 -1.190
2873.502844 -1.198
2894.325430 -1.205
2915.298905 -1.213
2936.424363 -1.221
2957.702904 -1.229
2979.135638 -1.237
3000.723683 -1.244
3022.468164 -1.252
3044.370214 -1.260
3066.430976 -1.268
3088.651599 -1.276
3111.033242 -1.283
3133.577071 -1.291
3156.284262 -1.299
3179.155999 -1.307
3202.193474 -1.315
3225.397888 -1.322
3248.770450 -1.330
3272.312380 -1.338
3296.024905 -1.346
3319.909260 -1.354
3343.966691 -1.362
3368.198452 -1.369
3392.605806 -1.377
3417.190027 -1.385
3441.952394 -1.393
3466.894200 -1.401
3492.016745 -1.408
3517.321337 -1.416
3542.809298 -1.424
3568.481954 -1.432
3594.340646 -1.440
3620.386720 -1.448
3646.621534 -1.455
3673.046457 -1.463
3699.662866 -1.471
3726.472148 -1.479
3753.475701 -1.487
3780.674934 -1.495
3808.071263 -1.502
3835.666117 -1.510
3863.460935 -1.518
3891.457165 -1.526
3919.656268 -1.534
3948.059713 -1.542
3976.668981 -1.549
4005.485564 -1.557
4034.510963 -1.565
4063.746693 -1.573
4093.194277 -1.581
4122.855250 -1.589
4152.731158 -1.596
4182.823560 -1.604
4213.134024 -1.612
4243.664130 -1.620
4274.415470 -1.628
4305.389646 -1.636
4336.588274 -1.643
4368.012981 -1.651
4399.665403 -1.659
4431.547192 -1.667
4463.660010 -1.675
4496.005531 -1.683
4528.585440 -1.690
4561.401437 -1.698
4594.455232 -1.706
4627.748549 -1.714
4661.283122 -1.722
4695.060701 -1.730
4729.083046 -1.738
4763.351932 -1.745
4797.869143 -1.753
4832.636481 -1.761
4867.655757 -1.769
4902.928797 -1.777
4938.457440 -1.785
4974.243539 -1.792
5010.288958 -1.800
5046.595577 -1.808
5083.165289 -1.816
5120.000000 -1.824
5157.101631 -1.832
5194.472115 -1.839
5232.113401 -1.847
5270.027452 -1.855
5308.216243 -1.863
5346.681766 -1.871
5385.426026 -1.879
5424.451043 -1.886
5463.758851 -1.894
5503.351500 -1.902
5543.231054 -1.910
5583.399591 -1.918
5623.859206 -1.926
5664.612008 -1.933
5705.660122 -1.941
5747.005687 -1.949
5788.650860 -1.957
5830.597810 -1.965
5872.848725 -1.973
5915.405808 -1.980
5958.271277 -1.988
6001.447367 -1.996
6044.936328 -2.004
6088.740429 -2.012
6132.861952 -2.020
6177.303198 -2.027
6222.066483 -2.035
6267.154142 -2.043
6312.568524 -2.051
6358.311998 -2.059
6404.386948 -2.067
6450.795775 -2.074
6497.540901 -2.082
6544.624761 -2.090
6592.049809 -2.098
6639.818520 -2.106
6687.933382 -2.114
6736.396904 -2.121
6785.211613 -2.129
6834.380053 -2.137
6883.904789 -2.145
6933.788400 -2.153
6984.033489 -2.160
7034.642675 -2.168
7085.618596 -2.176
7136.963909 -2.184
7188.681291 -2.192
7240.773439 -2.199
7293.243069 -2.207
7346.092914 -2.215
7399.325732 -2.223
7452.944296 -2.231
7506.951403 -2.238
7561.349867 -2.246
7616.142525 -2.254
7671.332234 -2.262
7726.921869 -2.270
7782.914330 -2.277
7839.312536 -2.285
7896.119426 -2.293
7953.337962 -2.301
8010.971128 -2.309
8069.021927 -2.316
8127.493386 -2.324
8186.388553 -2.332
8245.710500 -2.340
8305.462317 -2.347
8365.647121 -2.355
8426.268048 -2.363
8487.328260 -2.370
8548.830939 -2.378
8610.779292 -2.386
8673.176549 -2.394
8736.025961 -2.401
8799.330806 -2.409
8863.094385 -2.417
8927.320020 -2.424
8992.011061 -2.432
9057.170880 -2.440
9122.802874 -2.447
9188.910464 -2.455
9255.497097 -2.462
9322.566244 -2.470
9390.121402 -2.478
9458.166093 -2.485
9526.703863 -2.493
9595.738287 -2.500
9665.272962 -2.508
9735.311514 -2.515
9805.857594 -2.523
9876.914881 -2.530
9948.487077 -2.538
10020.577916 -2.545
10093.191154 -2.553
10166.330578 -2.560
10240.000000 -2.567
10314.203261 -2.575
10388.944230 -2.582
10464.226802 -2.589
10540.054903 -2.597
10616.432486 -2.604
10693.363532 -2.611
10770.852052 -2.618
10848.902086 -2.625
10927.517703 -2.633
11006.703001 -2.640
11086.462108 -2.647
11166.799182 -2.654
11247.718413 -2.661
11329.224017 -2.668
11411.320244 -2.674
11494.011375 -2.681
11577.301719 -2.688
11661.195620 -2.695
11745.697450 -2.702
11830.811616 -2.708
11916.542554 -2.715
12002.894734 -2.721
12089.872657 -2.728
12177.480858 -2.734
12265.723904 -2.741
12354.606395 -2.747
12444.132966 -2.753
12534.308283 -2.759
12625.137048 -2.766
12716.623996 -2.772
12808.773895 -2.778
12901.591551 -2.783
12995.081802 -2.789
13089.249521 -2.795
13184.099619 -2.801
13279.637040 -2.806
13375.866764 -2.812
13472.793808 -2.817
13570.423226 -2.823
13668.760107 -2.828
13767.809577 -2.833
13867.576801 -2.838
13968.066979 -2.843
14069.285350 -2.848
14171.237191 -2.853
14273.927818 -2.858
14377.362583 -2.862
14481.546879 -2.867
14586.486137 -2.871
14692.185828 -2.876
14798.651463 -2.880
14905.888592 -2.884
15013.902806 -2.888
15122.699734 -2.892
15232.285051 -2.896
15342.664467 -2.900
15453.843739 -2.903
15565.828661 -2.907
15678.625072 -2.910
15792.238852 -2.914
15906.675925 -2.917
16021.942256 -2.920
16138.043854 -2.923
16254.986772 -2.926
16372.777107 -2.929
16491.420999 -2.932
16610.924634 -2.935
16731.294241 -2.937
16852.536096 -2.940
16974.656520 -2.942
17097.661878 -2.945
17221.558584 -2.947
17346.353097 -2.949
17472.051922 -2.951
17598.661613 -2.953
17726.188769 -2.955
17854.640040 -2.957
17984.022122 -2.959
18114.341760 -2.961
18245.605748 -2.962
18377.820928 -2.964
18510.994194 -2.966
18645.132489 -2.967
18780.242805 -2.968
18916.332186 -2.970
19053.407727 -2.971
19191.476573 -2.972
19330.545924 -2.974
19470.623028 -2.975
19611.715189 -2.976
19753.829761 -2.977
19896.974155 -2.978
20041.155832 -2.979
20186.382308 -2.980
20332.661156 -2.981
20480.000000 -2.981
20628.406522 -2.982
20777.888460 -2.983
20928.453604 -2.983
21080.109806 -2.984
21232.864972 -2.985
21386.727064 -2.985
21541.704105 -2.986
21697.804172 -2.986
21855.035406 -2.987
22013.406002 -2.987
22172.924216 -2.987
22333.598365 -2.988
22495.436825 -2.988
22658.448034 -2.988
22822.640488 -2.989
22988.022749 -2.989
23154.603438 -2.989
23322.391240 -2.989
23491.394901 -2.989
23661.623232 -2.989
23833.085108 -2.989
24005.789467 -2.989
