10.000000 5.000
10.072464 5.000
10.145453 5.000
10.218971 5.000
10.293022 5.000
10.367610 5.000
10.442738 5.000
10.518410 5.000
10.594631 5.000
10.671404 5.000
10.748733 5.000
10.826623 5.000
10.905077 5.000
10.984100 5.000
11.063695 5.000
11.143867 5.000
11.224620 5.000
11.305959 5.000
11.387886 5.000
11.470408 5.000
11.553527 5.000
11.637249 5.000
11.721577 5.000
11.806516 5.000
11.892071 5.000
11.978246 5.000
12.065045 5.000
12.152474 5.000
12.240535 5.000
12.329235 5.000
12.418578 5.000
12.508568 5.000
12.599210 5.000
12.690510 5.000
12.782470 5.000
12.875097 5.000
12.968396 5.000
13.062370 5.000
13.157025 5.000
13.252366 5.000
13.348399 5.000
13.445127 5.000
13.542555 5.000
13.640690 5.000
13.739536 5.000
13.839099 5.000
13.939383 5.000
14.040393 5.000
14.142136 5.000
14.244615 5.000
14.347838 5.000
14.451808 5.000
14.556532 5.000
14.662014 5.000
14.768261 5.000
14.875278 5.000
14.983071 5.000
15.091644 5.000
15.201005 5.000
15.311157 5.000
15.422108 5.000
15.533863 5.000
15.646428 5.000
15.759808 5.000
15.874011 5.000
15.989040 4.999
16.104903 4.999
16.221606 4.999
16.339155 4.999
16.457555 4.999
16.576813 4.999
16.696935 4.999
16.817928 4.999
16.939798 4.999
17.062551 4.999
17.186193 4.999
17.310731 4.999
17.436172 4.999
17.562522 4.999
17.689787 4.999
17.817974 4.999
17.947091 4.999
18.077143 4.999
18.208137 4.999
18.340081 4.998
18.472981 4.998
18.606843 4.998
18.741676 4.998
18.877486 4.998
19.014280 4.998
19.152066 4.998
19.290849 4.998
19.430639 4.997
19.571441 4.997
19.713264 4.997
19.856114 4.997
20.000000 4.997
20.144928 4.997
20.290907 4.996
20.437943 4.996
20.586045 4.996
20.735220 4.996
20.885476 4.995
21.036820 4.995
21.189262 4.995
21.342808 4.995
21.497467 4.994
21.653246 4.994
21.810155 4.994
21.968200 4.993
22.127391 4.993
22.287735 4.992
22.449241 4.992
22.611917 4.991
22.775773 4.991
22.940815 4.990
23.107054 4.990
23.274497 4.989
23.443154 4.989
23.613033 4.988
23.784142 4.987
23.956492 4.986
24.130091 4.986
24.304947 4.985
24.481071 4.984
24.658471 4.983
24.837156 4.982
25.017137 4.981
25.198421 4.980
25.381019 4.979
25.564940 4.978
25.750195 4.977
25.936791 4.975
26.124740 4.974
26.314050 4.973
26.504733 4.971
26.696797 4.970
26.890253 4.968
27.085111 4.966
27.281381 4.964
27.479073 4.963
27.678198 4.961
27.878765 4.958
28.080786 4.956
28.284271 4.954
28.489231 4.952
28.695675 4.949
28.903616 4.946
29.113064 4.944
29.324029 4.941
29.536523 4.938
29.750557 4.935
29.966142 4.931
30.183289 4.928
30.402009 4.924
30.622315 4.920
30.844217 4.917
31.067726 4.912
31.292856 4.908
31.519617 4.904
31.748021 4.899
31.978080 4.894
32.209807 4.889
32.443212 4.884
32.678309 4.878
32.915110 4.873
33.153626 4.867
33.393871 4.861
33.635857 4.854
33.879596 4.848
34.125101 4.841
34.372386 4.833
34.621462 4.826
34.872344 4.818
35.125043 4.810
35.379574 4.802
35.635949 4.793
35.894182 4.785
36.154286 4.775
36.416274 4.766
36.680162 4.756
36.945961 4.746
37.213687 4.735
37.483353 4.725
37.754973 4.713
38.028561 4.702
38.304131 4.690
38.581699 4.678
38.861278 4.665
39.142882 4.653
39.426528 4.639
39.712229 4.626
40.000000 4.612
40.289856 4.597
40.581813 4.583
40.875886 4.568
41.172089 4.552
41.470439 4.537
41.770951 4.520
42.073641 4.504
42.378524 4.487
42.685616 4.470
42.994934 4.452
43.306493 4.434
43.620309 4.416
43.936400 4.397
44.254781 4.378
44.575470 4.359
44.898482 4.339
45.223835 4.319
45.551545 4.299
45.881631 4.278
46.214108 4.257
46.548994 4.236
46.886308 4.215
47.226065 4.193
47.568285 4.171
47.912984 4.148
48.260181 4.125
48.609894 4.102
48.962142 4.079
49.316942 4.055
49.674312 4.032
50.034273 4.008
50.396842 3.983
50.762038 3.959
51.129881 3.934
51.500389 3.909
51.873582 3.884
52.249480 3.858
52.628101 3.833
53.009466 3.807
53.393594 3.781
53.780506 3.755
54.170222 3.728
54.562762 3.702
54.958146 3.675
55.356395 3.648
55.757531 3.621
56.161573 3.594
56.568542 3.566
56.978461 3.539
57.391351 3.511
57.807232 3.483
58.226127 3.455
58.648058 3.427
59.073046 3.399
59.501113 3.371
59.932283 3.342
60.366577 3.314
60.804018 3.285
61.244629 3.256
61.688433 3.228
62.135453 3.199
62.585712 3.170
63.039234 3.141
63.496042 3.111
63.956161 3.082
64.419613 3.053
64.886424 3.024
65.356618 2.994
65.830219 2.965
66.307252 2.935
66.787742 2.906
67.271713 2.876
67.759192 2.846
68.250203 2.817
68.744772 2.787
69.242925 2.757
69.744688 2.727
70.250086 2.697
70.759147 2.668
71.271897 2.638
71.788363 2.608
72.308571 2.578
72.832549 2.548
73.360323 2.518
73.891923 2.488
74.427374 2.458
74.966705 2.428
75.509945 2.398
76.057121 2.368
76.608262 2.339
77.163398 2.309
77.722555 2.279
78.285765 2.249
78.853056 2.219
79.424458 2.189
80.000000 2.160
80.579713 2.130
81.163627 2.100
81.751772 2.071
82.344179 2.041
82.940879 2.012
83.541903 1.982
84.147282 1.953
84.757048 1.924
85.371232 1.894
85.989867 1.865
86.612985 1.836
87.240619 1.807
87.872800 1.778
88.509563 1.750
89.150939 1.721
89.796964 1.693
90.447670 1.664
91.103091 1.636
91.763261 1.608
92.428216 1.580
93.097989 1.552
93.772615 1.524
94.452130 1.497
95.136569 1.469
95.825968 1.442
96.520362 1.415
97.219789 1.388
97.924283 1.362
98.633883 1.335
99.348625 1.309
100.068546 1.283
100.793684 1.257
101.524077 1.232
102.259762 1.206
103.000778 1.181
103.747164 1.157
104.498959 1.132
105.256202 1.108
106.018931 1.084
106.787188 1.060
107.561012 1.037
108.340444 1.014
109.125523 0.991
109.916292 0.969
110.712791 0.947
111.515061 0.925
112.323145 0.903
113.137085 0.882
113.956923 0.861
114.782702 0.841
115.614465 0.821
116.452255 0.801
117.296116 0.782
118.146092 0.763
119.002227 0.745
119.864566 0.726
120.733154 0.709
121.608036 0.691
122.489258 0.674
123.376866 0.657
124.270906 0.641
125.171424 0.625
126.078468 0.610
126.992084 0.594
127.912321 0.580
128.839227 0.565
129.772849 0.551
130.713236 0.538
131.660438 0.524
132.614504 0.511
133.575483 0.499
134.543426 0.486
135.518384 0.475
136.500406 0.463
137.489544 0.452
138.485850 0.441
139.489375 0.430
140.500173 0.420
141.518295 0.410
142.543795 0.400
143.576726 0.391
144.617142 0.382
145.665098 0.373
146.720647 0.365
147.783845 0.357
148.854748 0.349
149.933411 0.341
151.019890 0.333
152.114242 0.326
153.216525 0.319
154.326795 0.312
155.445111 0.306
156.571530 0.300
157.706112 0.293
158.848915 0.287
160.000000 0.282
161.159426 0.276
162.327254 0.271
163.503544 0.266
164.688358 0.261
165.881758 0.256
167.083805 0.251
168.294563 0.246
169.514095 0.242
170.742464 0.238
171.979734 0.233
173.225970 0.229
174.481237 0.226
175.745600 0.222
177.019125 0.218
178.301879 0.214
179.593928 0.211
180.895339 0.208
182.206182 0.204
183.526523 0.201
184.856431 0.198
186.195977 0.195
187.545230 0.192
188.904260 0.189
190.273138 0.186
191.651936 0.184
193.040725 0.181
194.439578 0.178
195.848567 0.176
197.267766 0.173
198.697250 0.171
200.137092 0.169
201.587368 0.166
203.048153 0.164
204.519524 0.162
206.001557 0.160
207.494329 0.158
208.997918 0.155
210.512403 0.153
212.037863 0.151
213.574377 0.149
215.122025 0.147
216.680888 0.145
218.251047 0.144
219.832584 0.142
221.425581 0.140
223.030122 0.138
224.646290 0.136
226.274170 0.134
227.913846 0.133
229.565404 0.131
231.228929 0.129
232.904509 0.127
234.592231 0.126
236.292183 0.124
238.004454 0.122
239.729132 0.121
241.466308 0.119
243.216073 0.118
244.978517 0.116
246.753732 0.114
248.541811 0.113
250.342848 0.111
252.156935 0.110
253.984168 0.108
255.824642 0.107
257.678453 0.105
259.545697 0.104
261.426473 0.102
263.320877 0.100
265.229008 0.099
267.150967 0.097
269.086853 0.096
271.036767 0.094
273.000811 0.093
274.979088 0.092
276.971700 0.090
278.978751 0.089
281.000346 0.087
283.036590 0.086
285.087590 0.084
287.153452 0.083
289.234284 0.081
291.330195 0.080
293.441294 0.078
295.567690 0.077
297.709496 0.076
299.866821 0.074
302.039780 0.073
304.228485 0.071
306.433050 0.070
308.653590 0.068
310.890221 0.067
313.143060 0.066
315.412224 0.064
317.697831 0.063
320.000000 0.061
322.318852 0.060
324.654507 0.058
327.007088 0.057
329.376716 0.056
331.763515 0.054
334.167610 0.053
336.589127 0.051
339.028190 0.050
341.484928 0.049
343.959469 0.047
346.451941 0.046
348.962474 0.044
351.491200 0.043
354.038251 0.042
356.603758 0.040
359.187855 0.039
361.790679 0.037
364.412363 0.036
367.053045 0.035
369.712863 0.033
372.391955 0.032
375.090460 0.030
377.808521 0.029
380.546277 0.028
383.303872 0.026
386.081450 0.025
388.879155 0.023
391.697134 0.022
394.535533 0.021
397.394500 0.019
400.274184 0.018
403.174736 0.016
406.096306 0.015
409.039048 0.014
412.003113 0.012
414.988657 0.011
417.995836 0.009
421.024807 0.008
424.075726 0.007
427.148753 0.005
430.244049 0.004
433.361775 0.002
436.502093 0.001
439.665167 -0.000
442.851162 -0.002
446.060244 -0.003
449.292581 -0.005
452.548340 -0.006
455.827692 -0.007
459.130807 -0.009
462.457858 -0.010
465.809019 -0.012
469.184463 -0.013
472.584367 -0.014
476.008908 -0.016
479.458265 -0.017
482.932617 -0.018
486.432146 -0.020
489.957033 -0.021
493.507464 -0.023
497.083623 -0.024
500.685695 -0.025
504.313870 -0.027
507.968337 -0.028
511.649285 -0.030
515.356906 -0.031
519.091395 -0.032
522.852945 -0.034
526.641753 -0.035
530.458016 -0.037
534.301934 -0.038
538.173706 -0.039
542.073534 -0.041
546.001623 -0.042
549.958175 -0.044
553.943399 -0.045
557.957501 -0.046
562.000691 -0.048
566.073180 -0.049
570.175180 -0.051
574.306904 -0.052
578.468569 -0.053
582.660390 -0.055
586.882588 -0.056
591.135381 -0.058
595.418991 -0.059
599.733643 -0.060
604.079560 -0.062
608.456970 -0.063
612.866100 -0.065
617.307180 -0.066
621.780442 -0.067
626.286120 -0.069
630.824447 -0.070
635.395661 -0.072
640.000000 -0.073
644.637704 -0.074
649.309014 -0.076
654.014175 -0.077
658.753431 -0.079
663.527030 -0.080
668.335221 -0.081
673.178253 -0.083
678.056380 -0.084
682.969856 -0.086
687.918938 -0.087
692.903882 -0.088
697.924949 -0.090
702.982401 -0.091
708.076501 -0.093
713.207515 -0.094
718.375711 -0.095
723.581357 -0.097
728.824726 -0.098
734.106091 -0.100
739.425726 -0.101
744.783910 -0.103
750.180921 -0.104
755.617041 -0.105
761.092554 -0.107
766.607744 -0.108
772.162900 -0.110
777.758310 -0.111
783.394268 -0.113
789.071066 -0.114
794.789000 -0.115
800.548368 -0.117
806.349472 -0.118
812.192613 -0.120
818.078095 -0.121
824.006226 -0.123
829.977315 -0.124
835.991673 -0.126
842.049613 -0.127
848.151452 -0.128
854.297507 -0.130
860.488099 -0.131
866.723550 -0.133
873.004186 -0.134
879.330334 -0.136
885.702324 -0.137
892.120489 -0.139
898.585161 -0.140
905.096680 -0.142
911.655384 -0.143
918.261614 -0.145
924.915716 -0.146
931.618037 -0.148
938.368925 -0.150
945.168733 -0.151
952.017816 -0.153
958.916529 -0.154
965.865234 -0.156
972.864291 -0.157
979.914067 -0.159
987.014928 -0.161
994.167245 -0.162
1001.371391 -0.164
1008.627741 -0.166
1015.936673 -0.167
1023.298569 -0.169
1030.713812 -0.171
1038.182790 -0.172
1045.705890 -0.174
1053.283506 -0.176
1060.916032 -0.178
1068.603867 -0.179
1076.347412 -0.181
1084.147069 -0.183
1092.003245 -0.185
1099.916351 -0.187
1107.886798 -0.189
1115.915003 -0.190
1124.001383 -0.192
1132.146360 -0.194
1140.350359 -0.196
1148.613808 -0.198
1156.937137 -0.200
1165.320781 -0.203
1173.765175 -0.205
1182.270762 -0.207
1190.837983 -0.209
1199.467286 -0.211
1208.159120 -0.213
1216.913939 -0.216
1225.732199 -0.218
1234.614360 -0.220
1243.560885 -0.223
1252.572239 -0.225
1261.648894 -0.228
1270.791322 -0.230
1280.000000 -0.233
1289.275408 -0.236
1298.618029 -0.238
1308.028350 -0.241
1317.506863 -0.244
1327.054061 -0.247
1336.670442 -0.250
1346.356507 -0.253
1356.112761 -0.256
1365.939713 -0.259
1375.837875 -0.262
1385.807763 -0.265
1395.849898 -0.269
1405.964802 -0.272
1416.153002 -0.276
1426.415031 -0.279
1436.751422 -0.283
1447.162715 -0.286
1457.649452 -0.290
1468.212181 -0.294
1478.851452 -0.298
1489.567819 -0.302
1500.361842 -0.306
1511.234082 -0.310
1522.185107 -0.314
1533.215488 -0.319
1544.325799 -0.323
1555.516621 -0.328
1566.788535 -0.332
1578.142131 -0.337
1589.577999 -0.342
1601.096737 -0.347
1612.698944 -0.352
1624.385225 -0.357
1636.156190 -0.362
1648.012452 -0.367
1659.954630 -0.372
1671.983345 -0.378
1684.099226 -0.383
1696.302903 -0.389
1708.595013 -0.394
1720.976197 -0.400
1733.447100 -0.406
1746.008372 -0.412
1758.660669 -0.418
1771.404649 -0.424
1784.240977 -0.430
1797.170323 -0.436
1810.193360 -0.442
1823.310767 -0.449
1836.523229 -0.455
1849.831433 -0.462
1863.236074 -0.468
1876.737851 -0.475
1890.337467 -0.482
1904.035631 -0.488
1917.833058 -0.495
1931.730467 -0.502
1945.728583 -0.509
1959.828134 -0.516
1974.029857 -0.523
1988.334491 -0.530
2002.742782 -0.538
2017.255482 -0.545
2031.873347 -0.552
2046.597138 -0.560
2061.427625 -0.567
2076.365579 -0.575
2091.411780 -0.582
2106.567012 -0.590
2121.832065 -0.597
2137.207735 -0.605
2152.694823 -0.613
2168.294137 -0.620
2184.006490 -0.628
2199.832702 -0.636
2215.773596 -0.644
2231.830005 -0.651
2248.002765 -0.659
2264.292720 -0.667
2280.700718 -0.675
2297.227616 -0.683
2313.874274 -0.691
2330.641561 -0.699
2347.530351 -0.707
2364.541523 -0.716
2381.675966 -0.724
2398.934572 -0.732
2416.318240 -0.740
2433.827878 -0.748
2451.464399 -0.756
2469.228720 -0.765
2487.121769 -0.773
2505.144479 -0.781
2523.297789 -0.789
2541.582644 -0.798
2560.000000 -0.806
2578.550815 -0.814
2597.236057 -0.823
2616.056701 -0.831
2635.013726 -0.839
2654.108121 -0.848
2673.340883 -0.856
2692.713013 -0.865
2712.225522 -0.873
2731.879426 -0.881
2751.675750 -0.890
2771.615527 -0.898
2791.699796 -0.907
2811.929603 -0.915
2832.306004 -0.924
2852.830061 -0.932
2873.502844 -0.941
2894.325430 -0.949
2915.298905 -0.958
2936.424363 -0.966
2957.702904 -0.975
2979.135638 -0.983
3000.723683 -0.992
3022.468164 -1.000
3044.370214 -1.009
3066.430976 -1.017
3088.651599 -1.026
3111.033242 -1.034
3133.577071 -1.043
3156.284262 -1.051
3179.155999 -1.060
3202.193474 -1.069
3225.397888 -1.077
3248.770450 -1.086
3272.312380 -1.094
3296.024905 -1.103
3319.909260 -1.111
3343.966691 -1.120
3368.198452 -1.129
3392.605806 -1.137
3417.190027 -1.146
3441.952394 -1.154
3466.894200 -1.163
3492.016745 -1.172
3517.321337 -1.180
3542.809298 -1.189
3568.481954 -1.197
3594.340646 -1.206
3620.386720 -1.215
3646.621534 -1.223
3673.046457 -1.232
3699.662866 -1.240
3726.472148 -1.249
3753.475701 -1.258
3780.674934 -1.266
3808.071263 -1.275
3835.666117 -1.283
3863.460935 -1.292
3891.457165 -1.301
3919.656268 -1.309
3948.059713 -1.318
3976.668981 -1.326
4005.485564 -1.335
4034.510963 -1.344
4063.746693 -1.352
4093.194277 -1.361
4122.855250 -1.369
4152.731158 -1.378
4182.823560 -1.387
4213.134024 -1.395
4243.664130 -1.404
4274.415470 -1.413
4305.389646 -1.421
4336.588274 -1.430
4368.012981 -1.438
4399.665403 -1.447
4431.547192 -1.456
4463.660010 -1.464
4496.005531 -1.473
4528.585440 -1.481
4561.401437 -1.490
4594.455232 -1.499
4627.748549 -1.507
4661.283122 -1.516
4695.060701 -1.525
4729.083046 -1.533
4763.351932 -1.542
4797.869143 -1.550
4832.636481 -1.559
4867.655757 -1.568
4902.928797 -1.576
4938.457440 -1.585
4974.243539 -1.594
5010.288958 -1.602
5046.595577 -1.611
5083.165289 -1.619
5120.000000 -1.628
5157.101631 -1.637
5194.472115 -1.645
5232.113401 -1.654
5270.027452 -1.663
5308.216243 -1.671
5346.681766 -1.680
5385.426026 -1.688
5424.451043 -1.697
5463.758851 -1.706
5503.351500 -1.714
5543.231054 -1.723
5583.399591 -1.731
5623.859206 -1.740
5664.612008 -1.749
5705.660122 -1.757
5747.005687 -1.766
5788.650860 -1.775
5830.597810 -1.783
5872.848725 -1.792
5915.405808 -1.800
5958.271277 -1.809
6001.447367 -1.818
6044.936328 -1.826
6088.740429 -1.835
6132.861952 -1.844
6177.303198 -1.852
6222.066483 -1.861
6267.154142 -1.869
6312.568524 -1.878
6358.311998 -1.887
6404.386948 -1.895
6450.795775 -1.904
6497.540901 -1.912
6544.624761 -1.921
6592.049809 -1.930
6639.818520 -1.938
6687.933382 -1.947
6736.396904 -1.956
6785.211613 -1.964
6834.380053 -1.973
6883.904789 -1.981
6933.788400 -1.990
6984.033489 -1.999
7034.642675 -2.007
7085.618596 -2.016
7136.963909 -2.024
7188.681291 -2.033
7240.773439 -2.042
7293.243069 -2.050
7346.092914 -2.059
7399.325732 -2.067
7452.944296 -2.076
7506.951403 -2.085
7561.349867 -2.093
7616.142525 -2.102
7671.332234 -2.110
7726.921869 -2.119
7782.914330 -2.128
7839.312536 -2.136
7896.119426 -2.145
7953.337962 -2.153
8010.971128 -2.162
8069.021927 -2.170
8127.493386 -2.179
8186.388553 -2.188
8245.710500 -2.196
8305.462317 -2.205
8365.647121 -2.213
8426.268048 -2.222
8487.328260 -2.230
8548.830939 -2.239
8610.779292 -2.247
8673.176549 -2.256
8736.025961 -2.264
8799.330806 -2.273
8863.094385 -2.282
8927.320020 -2.290
8992.011061 -2.299
9057.170880 -2.307
9122.802874 -2.316
9188.910464 -2.324
9255.497097 -2.332
9322.566244 -2.341
9390.121402 -2.349
9458.166093 -2.358
9526.703863 -2.366
9595.738287 -2.375
9665.272962 -2.383
9735.311514 -2.392
9805.857594 -2.400
9876.914881 -2.408
9948.487077 -2.417
10020.577916 -2.425
10093.191154 -2.433
10166.330578 -2.442
10240.000000 -2.450
10314.203261 -2.458
10388.944230 -2.467
10464.226802 -2.475
10540.054903 -2.483
10616.432486 -2.491
10693.363532 -2.499
10770.852052 -2.508
10848.902086 -2.516
10927.517703 -2.524
11006.703001 -2.532
11086.462108 -2.540
11166.799182 -2.548
11247.718413 -2.556
11329.224017 -2.564
11411.320244 -2.572
11494.011375 -2.580
11577.301719 -2.588
11661.195620 -2.595
11745.697450 -2.603
11830.811616 -2.611
11916.542554 -2.619
12002.894734 -2.626
12089.872657 -2.634
12177.480858 -2.642
12265.723904 -2.649
12354.606395 -2.657
12444.132966 -2.664
12534.308283 -2.671
12625.137048 -2.679
12716.623996 -2.686
12808.773895 -2.693
12901.591551 -2.700
12995.081802 -2.707
13089.249521 -2.714
13184.099619 -2.721
13279.637040 -2.728
13375.866764 -2.735
13472.793808 -2.742
13570.423226 -2.748
13668.760107 -2.755
13767.809577 -2.762
13867.576801 -2.768
13968.066979 -2.774
14069.285350 -2.781
14171.237191 -2.787
14273.927818 -2.793
14377.362583 -2.799
14481.546879 -2.805
14586.486137 -2.810
14692.185828 -2.816
14798.651463 -2.822
14905.888592 -2.827
15013.902806 -2.833
15122.699734 -2.838
15232.285051 -2.843
15342.664467 -2.848
15453.843739 -2.853
15565.828661 -2.858
15678.625072 -2.863
15792.238852 -2.867
15906.675925 -2.872
16021.942256 -2.876
16138.043854 -2.881
16254.986772 -2.885
16372.777107 -2.889
16491.420999 -2.893
16610.924634 -2.897
16731.294241 -2.901
16852.536096 -2.905
16974.656520 -2.908
17097.661878 -2.912
17221.558584 -2.915
17346.353097 -2.918
17472.051922 -2.921
17598.661613 -2.924
17726.188769 -2.927
17854.640040 -2.930
17984.022122 -2.933
18114.341760 -2.936
18245.605748 -2.938
18377.820928 -2.941
18510.994194 -2.943
18645.132489 -2.945
18780.242805 -2.948
18916.332186 -2.950
19053.407727 -2.952
19191.476573 -2.954
19330.545924 -2.956
19470.623028 -2.957
19611.715189 -2.959
19753.829761 -2.961
19896.974155 -2.962
20041.155832 -2.964
20186.382308 -2.965
20332.661156 -2.967
20480.000000 -2.968
20628.406522 -2.969
20777.888460 -2.970
20928.453604 -2.971
21080.109806 -2.972
21232.864972 -2.973
21386.727064 -2.974
21541.704105 -2.975
21697.804172 -2.976
21855.035406 -2.977
22013.406002 -2.977
22172.924216 -2.978
22333.598365 -2.978
22495.436825 -2.979
22658.448034 -2.979
22822.640488 -2.980
22988.022749 -2.980
23154.603438 -2.980
23322.391240 -2.981
23491.394901 -2.981
23661.623232 -2.981
23833.085108 -2.981
24005.789467 -2.981
