10.000000 5.000
10.072464 5.000
10.145453 5.000
10.218971 5.000
10.293022 5.000
10.367610 5.000
10.442738 5.000
10.518410 5.000
10.594631 5.000
10.671404 5.000
10.748733 5.000
10.826623 5.000
10.905077 5.000
10.984100 5.000
11.063695 5.000
11.143867 5.000
11.224620 5.000
11.305959 5.000
11.387886 5.000
11.470408 5.000
11.553527 5.000
11.637249 5.000
11.721577 5.000
11.806516 5.000
11.892071 5.000
11.978246 5.000
12.065045 5.000
12.152474 5.000
12.240535 5.000
12.329235 5.000
12.418578 5.000
12.508568 5.000
12.599210 4.999
12.690510 4.999
12.782470 4.999
12.875097 4.999
12.968396 4.999
13.062370 4.999
13.157025 4.999
13.252366 4.999
13.348399 4.999
13.445127 4.999
13.542555 4.999
13.640690 4.999
13.739536 4.999
13.839099 4.999
13.939383 4.999
14.040393 4.999
14.142136 4.999
14.244615 4.999
14.347838 4.998
14.451808 4.998
14.556532 4.998
14.662014 4.998
14.768261 4.998
14.875278 4.998
14.983071 4.998
15.091644 4.998
15.201005 4.998
15.311157 4.997
15.422108 4.997
15.533863 4.997
15.646428 4.997
15.759808 4.997
15.874011 4.997
15.989040 4.996
16.104903 4.996
16.221606 4.996
16.339155 4.996
16.457555 4.995
16.576813 4.995
16.696935 4.995
16.817928 4.995
16.939798 4.994
17.062551 4.994
17.186193 4.994
17.310731 4.993
17.436172 4.993
17.562522 4.992
17.689787 4.992
17.817974 4.991
17.947091 4.991
18.077143 4.990
18.208137 4.990
18.340081 4.989
18.472981 4.989
18.606843 4.988
18.741676 4.987
18.877486 4.987
19.014280 4.986
19.152066 4.985
19.290849 4.984
19.430639 4.984
19.571441 4.983
19.713264 4.982
19.856114 4.981
20.000000 4.980
20.144928 4.979
20.290907 4.977
20.437943 4.976
20.586045 4.975
20.735220 4.974
20.885476 4.972
21.036820 4.971
21.189262 4.969
21.342808 4.968
21.497467 4.966
21.653246 4.964
21.810155 4.962
21.968200 4.960
22.127391 4.958
22.287735 4.956
22.449241 4.954
22.611917 4.952
22.775773 4.949
22.940815 4.947
23.107054 4.944
23.274497 4.941
23.443154 4.939
23.613033 4.936
23.784142 4.932
23.956492 4.929
24.130091 4.926
24.304947 4.922
24.481071 4.919
24.658471 4.915
24.837156 4.911
25.017137 4.907
25.198421 4.902
25.381019 4.898
25.564940 4.893
25.750195 4.889
25.936791 4.884
26.124740 4.878
26.314050 4.873
26.504733 4.868
26.696797 4.862
26.890253 4.856
27.085111 4.850
27.281381 4.843
27.479073 4.837
27.678198 4.830
27.878765 4.823
28.080786 4.816
28.284271 4.808
28.489231 4.801
28.695675 4.793
28.903616 4.785
29.113064 4.776
29.324029 4.768
29.536523 4.759
29.750557 4.750
29.966142 4.740
30.183289 4.731
30.402009 4.721
30.622315 4.711
30.844217 4.701
31.067726 4.690
31.292856 4.680
31.519617 4.669
31.748021 4.657
31.978080 4.646
32.209807 4.634
32.443212 4.622
32.678309 4.610
32.915110 4.598
33.153626 4.585
33.393871 4.572
33.635857 4.559
33.879596 4.546
34.125101 4.533
34.372386 4.519
34.621462 4.505
34.872344 4.491
35.125043 4.477
35.379574 4.462
35.635949 4.447
35.894182 4.433
36.154286 4.418
36.416274 4.402
36.680162 4.387
36.945961 4.371
37.213687 4.356
37.483353 4.340
37.754973 4.324
38.028561 4.308
38.304131 4.291
38.581699 4.275
38.861278 4.258
39.142882 4.241
39.426528 4.225
39.712229 4.208
40.000000 4.190
40.289856 4.173
40.581813 4.156
40.875886 4.138
41.172089 4.121
41.470439 4.103
41.770951 4.085
42.073641 4.067
42.378524 4.049
42.685616 4.031
42.994934 4.013
43.306493 3.995
43.620309 3.976
43.936400 3.958
44.254781 3.940
44.575470 3.921
44.898482 3.902
45.223835 3.884
45.551545 3.865
45.881631 3.846
46.214108 3.827
46.548994 3.808
46.886308 3.789
47.226065 3.770
47.568285 3.751
47.912984 3.732
48.260181 3.713
48.609894 3.693
48.962142 3.674
49.316942 3.655
49.674312 3.635
50.034273 3.616
50.396842 3.597
50.762038 3.577
51.129881 3.558
51.500389 3.538
51.873582 3.518
52.249480 3.499
52.628101 3.479
53.009466 3.460
53.393594 3.440
53.780506 3.420
54.170222 3.400
54.562762 3.381
54.958146 3.361
55.356395 3.341
55.757531 3.321
56.161573 3.301
56.568542 3.282
56.978461 3.262
57.391351 3.242
57.807232 3.222
58.226127 3.202
58.648058 3.182
59.073046 3.162
59.501113 3.142
59.932283 3.122
60.366577 3.102
60.804018 3.082
61.244629 3.062
61.688433 3.042
62.135453 3.022
62.585712 3.002
63.039234 2.982
63.496042 2.962
63.956161 2.942
64.419613 2.922
64.886424 2.902
65.356618 2.882
65.830219 2.862
66.307252 2.842
66.787742 2.822
67.271713 2.802
67.759192 2.782
68.250203 2.762
68.744772 2.742
69.242925 2.722
69.744688 2.701
70.250086 2.681
70.759147 2.661
71.271897 2.641
71.788363 2.621
72.308571 2.601
72.832549 2.581
73.360323 2.561
73.891923 2.541
74.427374 2.521
74.966705 2.501
75.509945 2.481
76.057121 2.461
76.608262 2.440
77.163398 2.420
77.722555 2.400
78.285765 2.380
78.853056 2.360
79.424458 2.340
80.000000 2.320
80.579713 2.300
81.163627 2.280
81.751772 2.260
82.344179 2.240
82.940879 2.220
83.541903 2.200
84.147282 2.180
84.757048 2.160
85.371232 2.140
85.989867 2.120
86.612985 2.100
87.240619 2.080
87.872800 2.060
88.509563 2.040
89.150939 2.021
89.796964 2.001
90.447670 1.981
91.103091 1.961
91.763261 1.941
92.428216 1.921
93.097989 1.902
93.772615 1.882
94.452130 1.862
95.136569 1.843
95.825968 1.823
96.520362 1.803
97.219789 1.784
97.924283 1.764
98.633883 1.744
99.348625 1.725
100.068546 1.706
100.793684 1.686
101.524077 1.667
102.259762 1.647
103.000778 1.628
103.747164 1.609
104.498959 1.590
105.256202 1.570
106.018931 1.551
106.787188 1.532
107.561012 1.513
108.340444 1.494
109.125523 1.476
109.916292 1.457
110.712791 1.438
111.515061 1.419
112.323145 1.401
113.137085 1.382
113.956923 1.364
114.782702 1.346
115.614465 1.327
116.452255 1.309
117.296116 1.291
118.146092 1.273
119.002227 1.256
119.864566 1.238
120.733154 1.220
121.608036 1.203
122.489258 1.185
123.376866 1.168
124.270906 1.151
125.171424 1.134
126.078468 1.117
126.992084 1.101
127.912321 1.084
128.839227 1.068
129.772849 1.051
130.713236 1.035
131.660438 1.019
132.614504 1.004
133.575483 0.988
134.543426 0.973
135.518384 0.957
136.500406 0.942
137.489544 0.927
138.485850 0.913
139.489375 0.898
140.500173 0.884
141.518295 0.870
142.543795 0.856
143.576726 0.842
144.617142 0.829
145.665098 0.815
146.720647 0.802
147.783845 0.789
148.854748 0.777
149.933411 0.764
151.019890 0.752
152.114242 0.740
153.216525 0.728
154.326795 0.717
155.445111 0.705
156.571530 0.694
157.706112 0.683
158.848915 0.673
160.000000 0.662
161.159426 0.652
162.327254 0.642
163.503544 0.632
164.688358 0.622
165.881758 0.612
167.083805 0.603
168.294563 0.594
169.514095 0.585
170.742464 0.576
171.979734 0.568
173.225970 0.559
174.481237 0.551
175.745600 0.543
177.019125 0.535
178.301879 0.528
179.593928 0.520
180.895339 0.513
182.206182 0.506
183.526523 0.499
184.856431 0.492
186.195977 0.485
187.545230 0.478
188.904260 0.472
190.273138 0.466
191.651936 0.459
193.040725 0.453
194.439578 0.447
195.848567 0.441
197.267766 0.436
198.697250 0.430
200.137092 0.424
201.587368 0.419
203.048153 0.414
204.519524 0.408
206.001557 0.403
207.494329 0.398
208.997918 0.393
210.512403 0.388
212.037863 0.384
213.574377 0.379
215.122025 0.374
216.680888 0.370
218.251047 0.365
219.832584 0.361
221.425581 0.356
223.030122 0.352
224.646290 0.348
226.274170 0.343
227.913846 0.339
229.565404 0.335
231.228929 0.331
232.904509 0.327
234.592231 0.323
236.292183 0.319
238.004454 0.315
239.729132 0.311
241.466308 0.307
243.216073 0.304
244.978517 0.300
246.753732 0.296
248.541811 0.292
250.342848 0.289
252.156935 0.285
253.984168 0.281
255.824642 0.278
257.678453 0.274
259.545697 0.271
261.426473 0.267
263.320877 0.264
265.229008 0.260
267.150967 0.257
269.086853 0.253
271.036767 0.250
273.000811 0.246
274.979088 0.243
276.971700 0.240
278.978751 0.236
281.000346 0.233
283.036590 0.229
285.087590 0.226
287.153452 0.223
289.234284 0.219
291.330195 0.216
293.441294 0.213
295.567690 0.210
297.709496 0.206
299.866821 0.203
302.039780 0.200
304.228485 0.196
306.433050 0.193
308.653590 0.190
310.890221 0.187
313.143060 0.183
315.412224 0.180
317.697831 0.177
320.000000 0.174
322.318852 0.171
324.654507 0.167
327.007088 0.164
329.376716 0.161
331.763515 0.158
334.167610 0.155
336.589127 0.151
339.028190 0.148
341.484928 0.145
343.959469 0.142
346.451941 0.139
348.962474 0.135
351.491200 0.132
354.038251 0.129
356.603758 0.126
359.187855 0.123
361.790679 0.120
364.412363 0.116
367.053045 0.113
369.712863 0.110
372.391955 0.107
375.090460 0.104
377.808521 0.101
380.546277 0.097
383.303872 0.094
386.081450 0.091
388.879155 0.088
391.697134 0.085
394.535533 0.082
397.394500 0.079
400.274184 0.075
403.174736 0.072
406.096306 0.069
409.039048 0.066
412.003113 0.063
414.988657 0.060
417.995836 0.057
421.024807 0.053
424.075726 0.050
427.148753 0.047
430.244049 0.044
433.361775 0.041
436.502093 0.038
439.665167 0.035
442.851162 0.031
446.060244 0.028
449.292581 0.025
452.548340 0.022
455.827692 0.019
459.130807 0.016
462.457858 0.013
465.809019 0.009
469.184463 0.006
472.584367 0.003
476.008908 -0.000
479.458265 -0.003
482.932617 -0.006
486.432146 -0.009
489.957033 -0.013
493.507464 -0.016
497.083623 -0.019
500.685695 -0.022
504.313870 -0.025
507.968337 -0.028
511.649285 -0.031
515.356906 -0.035
519.091395 -0.038
522.852945 -0.041
526.641753 -0.044
530.458016 -0.047
534.301934 -0.050
538.173706 -0.053
542.073534 -0.057
546.001623 -0.060
549.958175 -0.063
553.943399 -0.066
557.957501 -0.069
562.000691 -0.072
566.073180 -0.075
570.175180 -0.079
574.306904 -0.082
578.468569 -0.085
582.660390 -0.088
586.882588 -0.091
591.135381 -0.094
595.418991 -0.097
599.733643 -0.101
604.079560 -0.104
608.456970 -0.107
612.866100 -0.110
617.307180 -0.113
621.780442 -0.116
626.286120 -0.119
630.824447 -0.123
635.395661 -0.126
640.000000 -0.129
644.637704 -0.132
649.309014 -0.135
654.014175 -0.138
658.753431 -0.142
663.527030 -0.145
668.335221 -0.148
673.178253 -0.151
678.056380 -0.154
682.969856 -0.157
687.918938 -0.161
692.903882 -0.164
697.924949 -0.167
702.982401 -0.170
708.076501 -0.173
713.207515 -0.176
718.375711 -0.180
723.581357 -0.183
728.824726 -0.186
734.106091 -0.189
739.425726 -0.192
744.783910 -0.196
750.180921 -0.199
755.617041 -0.202
761.092554 -0.205
766.607744 -0.208
772.162900 -0.212
777.758310 -0.215
783.394268 -0.218
789.071066 -0.221
794.789000 -0.224
800.548368 -0.228
806.349472 -0.231
812.192613 -0.234
818.078095 -0.237
824.006226 -0.241
829.977315 -0.244
835.991673 -0.247
842.049613 -0.251
848.151452 -0.254
854.297507 -0.257
860.488099 -0.261
866.723550 -0.264
873.004186 -0.267
879.330334 -0.271
885.702324 -0.274
892.120489 -0.277
898.585161 -0.281
905.096680 -0.284
911.655384 -0.288
918.261614 -0.291
924.915716 -0.294
931.618037 -0.298
938.368925 -0.301
945.168733 -0.305
952.017816 -0.308
958.916529 -0.312
965.865234 -0.316
972.864291 -0.319
979.914067 -0.323
987.014928 -0.326
994.167245 -0.330
1001.371391 -0.334
1008.627741 -0.338
1015.936673 -0.341
1023.298569 -0.345
1030.713812 -0.349
1038.182790 -0.353
1045.705890 -0.357
1053.283506 -0.361
1060.916032 -0.365
1068.603867 -0.369
1076.347412 -0.373
1084.147069 -0.377
1092.003245 -0.381
1099.916351 -0.385
1107.886798 -0.389
1115.915003 -0.394
1124.001383 -0.398
1132.146360 -0.402
1140.350359 -0.407
1148.613808 -0.411
1156.937137 -0.416
1165.320781 -0.420
1173.765175 -0.425
1182.270762 -0.430
1190.837983 -0.435
1199.467286 -0.440
1208.159120 -0.445
1216.913939 -0.450
1225.732199 -0.455
1234.614360 -0.460
1243.560885 -0.465
1252.572239 -0.471
1261.648894 -0.476
1270.791322 -0.482
1280.000000 -0.488
1289.275408 -0.493
1298.618029 -0.499
1308.028350 -0.505
1317.506863 -0.511
1327.054061 -0.517
1336.670442 -0.524
1346.356507 -0.530
1356.112761 -0.537
1365.939713 -0.543
1375.837875 -0.550
1385.807763 -0.557
1395.849898 -0.564
1405.964802 -0.571
1416.153002 -0.578
1426.415031 -0.586
1436.751422 -0.593
1447.162715 -0.601
1457.649452 -0.608
1468.212181 -0.616
1478.851452 -0.624
1489.567819 -0.632
1500.361842 -0.641
1511.234082 -0.649
1522.185107 -0.658
1533.215488 -0.666
1544.325799 -0.675
1555.516621 -0.684
1566.788535 -0.693
1578.142131 -0.702
1589.577999 -0.711
1601.096737 -0.721
1612.698944 -0.731
1624.385225 -0.740
1636.156190 -0.750
1648.012452 -0.760
1659.954630 -0.770
1671.983345 -0.780
1684.099226 -0.791
1696.302903 -0.801
1708.595013 -0.812
1720.976197 -0.822
1733.447100 -0.833
1746.008372 -0.844
1758.660669 -0.855
1771.404649 -0.866
1784.240977 -0.877
1797.170323 -0.888
1810.193360 -0.900
1823.310767 -0.911
1836.523229 -0.923
1849.831433 -0.935
1863.236074 -0.946
1876.737851 -0.958
1890.337467 -0.970
1904.035631 -0.982
1917.833058 -0.994
1931.730467 -1.007
1945.728583 -1.019
1959.828134 -1.031
1974.029857 -1.043
1988.334491 -1.056
2002.742782 -1.068
2017.255482 -1.081
2031.873347 -1.094
2046.597138 -1.106
2061.427625 -1.119
2076.365579 -1.132
2091.411780 -1.145
2106.567012 -1.158
2121.832065 -1.171
2137.207735 -1.184
2152.694823 -1.197
2168.294137 -1.210
2184.006490 -1.223
2199.832702 -1.236
2215.773596 -1.250
2231.830005 -1.263
2248.002765 -1.276
2264.292720 -1.290
2280.700718 -1.303
2297.227616 -1.316
2313.874274 -1.330
2330.641561 -1.343
2347.530351 -1.357
2364.541523 -1.370
2381.675966 -1.384
2398.934572 -1.398
2416.318240 -1.411
2433.827878 -1.425
2451.464399 -1.439
2469.228720 -1.452
2487.121769 -1.466
2505.144479 -1.480
2523.297789 -1.493
2541.582644 -1.507
2560.000000 -1.521
2578.550815 -1.535
2597.236057 -1.549
2616.056701 -1.562
2635.013726 -1.576
2654.108121 -1.590
2673.340883 -1.604
2692.713013 -1.618
2712.225522 -1.632
2731.879426 -1.646
2751.675750 -1.660
2771.615527 -1.673
2791.699796 -1.687
2811.929603 -1.701
2832.306004 -1.715
2852.830061 -1.729
2873.502844 -1.743
2894.325430 -1.757
2915.298905 -1.771
2936.424363 -1.785
2957.702904 -1.799
2979.135638 -1.813
3000.723683 -1.827
3022.468164 -1.841
3044.370214 -1.855
3066.430976 -1.869
3088.651599 -1.883
3111.033242 -1.897
3133.577071 -1.911
3156.284262 -1.925
3179.155999 -1.939
3202.193474 -1.953
3225.397888 -1.967
3248.770450 -1.982
3272.312380 -1.996
3296.024905 -2.010
3319.909260 -2.024
3343.966691 -2.038
3368.198452 -2.052
3392.605806 -2.066
3417.190027 -2.080
3441.952394 -2.094
3466.894200 -2.108
3492.016745 -2.122
3517.321337 -2.136
3542.809298 -2.150
3568.481954 -2.164
3594.340646 -2.179
3620.386720 -2.193
3646.621534 -2.207
3673.046457 -2.221
3699.662866 -2.235
3726.472148 -2.249
3753.475701 -2.263
3780.674934 -2.277
3808.071263 -2.291
3835.666117 -2.305
3863.460935 -2.319
3891.457165 -2.334
3919.656268 -2.348
3948.059713 -2.362
3976.668981 -2.376
4005.485564 -2.390
4034.510963 -2.404
4063.746693 -2.418
4093.194277 -2.432
4122.855250 -2.446
4152.731158 -2.460
4182.823560 -2.475
4213.134024 -2.489
4243.664130 -2.503
4274.415470 -2.517
4305.389646 -2.531
4336.588274 -2.545
4368.012981 -2.559
4399.665403 -2.573
4431.547192 -2.587
4463.660010 -2.601
4496.005531 -2.616
4528.585440 -2.630
4561.401437 -2.644
4594.455232 -2.658
4627.748549 -2.672
4661.283122 -2.686
4695.060701 -2.700
4729.083046 -2.714
4763.351932 -2.728
4797.869143 -2.743
4832.636481 -2.757
4867.655757 -2.771
4902.928797 -2.785
4938.457440 -2.799
4974.243539 -2.813
5010.288958 -2.827
5046.595577 -2.841
5083.165289 -2.855
5120.000000 -2.870
5157.101631 -2.884
5194.472115 -2.898
5232.113401 -2.912
5270.027452 -2.926
5308.216243 -2.940
5346.681766 -2.954
5385.426026 -2.968
5424.451043 -2.982
5463.758851 -2.996
5503.351500 -3.011
5543.231054 -3.025
5583.399591 -3.039
5623.859206 -3.053
5664.612008 -3.067
5705.660122 -3.081
5747.005687 -3.095
5788.650860 -3.109
5830.597810 -3.123
5872.848725 -3.137
5915.405808 -3.152
5958.271277 -3.166
6001.447367 -3.180
6044.936328 -3.194
6088.740429 -3.208
6132.861952 -3.222
6177.303198 -3.236
6222.066483 -3.250
6267.154142 -3.264
6312.568524 -3.278
6358.311998 -3.293
6404.386948 -3.307
6450.795775 -3.321
6497.540901 -3.335
6544.624761 -3.349
6592.049809 -3.363
6639.818520 -3.377
6687.933382 -3.391
6736.396904 -3.405
6785.211613 -3.419
6834.380053 -3.433
6883.904789 -3.448
6933.788400 -3.462
6984.033489 -3.476
7034.642675 -3.490
7085.618596 -3.504
7136.963909 -3.518
7188.681291 -3.532
7240.773439 -3.546
7293.243069 -3.560
7346.092914 -3.574
7399.325732 -3.588
7452.944296 -3.602
7506.951403 -3.616
7561.349867 -3.630
7616.142525 -3.644
7671.332234 -3.658
7726.921869 -3.672
7782.914330 -3.686
7839.312536 -3.700
7896.119426 -3.714
7953.337962 -3.728
8010.971128 -3.742
8069.021927 -3.756
8127.493386 -3.770
8186.388553 -3.784
8245.710500 -3.798
8305.462317 -3.812
8365.647121 -3.826
8426.268048 -3.840
8487.328260 -3.854
8548.830939 -3.868
8610.779292 -3.882
8673.176549 -3.896
8736.025961 -3.910
8799.330806 -3.923
8863.094385 -3.937
8927.320020 -3.951
8992.011061 -3.965
9057.170880 -3.979
9122.802874 -3.993
9188.910464 -4.006
9255.497097 -4.020
9322.566244 -4.034
9390.121402 -4.048
9458.166093 -4.061
9526.703863 -4.075
9595.738287 -4.088
9665.272962 -4.102
9735.311514 -4.116
9805.857594 -4.129
9876.914881 -4.143
9948.487077 -4.156
10020.577916 -4.170
10093.191154 -4.183
10166.330578 -4.196
10240.000000 -4.210
10314.203261 -4.223
10388.944230 -4.236
10464.226802 -4.250
10540.054903 -4.263
10616.432486 -4.276
10693.363532 -4.289
10770.852052 -4.302
10848.902086 -4.315
10927.517703 -4.328
11006.703001 -4.341
11086.462108 -4.353
11166.799182 -4.366
11247.718413 -4.379
11329.224017 -4.391
11411.320244 -4.404
11494.011375 -4.416
11577.301719 -4.429
11661.195620 -4.441
11745.697450 -4.453
11830.811616 -4.465
11916.542554 -4.477
12002.894734 -4.489
12089.872657 -4.501
12177.480858 -4.512
12265.723904 -4.524
12354.606395 -4.536
12444.132966 -4.547
12534.308283 -4.558
12625.137048 -4.569
12716.623996 -4.580
12808.773895 -4.591
12901.591551 -4.602
12995.081802 -4.613
13089.249521 -4.623
13184.099619 -4.634
13279.637040 -4.644
13375.866764 -4.654
13472.793808 -4.664
13570.423226 -4.674
13668.760107 -4.683
13767.809577 -4.693
13867.576801 -4.702
13968.066979 -4.711
14069.285350 -4.720
14171.237191 -4.729
14273.927818 -4.738
14377.362583 -4.746
14481.546879 -4.754
14586.486137 -4.763
14692.185828 -4.771
14798.651463 -4.778
14905.888592 -4.786
15013.902806 -4.793
15122.699734 -4.801
15232.285051 -4.808
15342.664467 -4.815
15453.843739 -4.821
15565.828661 -4.828
15678.625072 -4.834
15792.238852 -4.841
15906.675925 -4.847
16021.942256 -4.852
16138.043854 -4.858
16254.986772 -4.864
16372.777107 -4.869
16491.420999 -4.874
16610.924634 -4.879
16731.294241 -4.884
16852.536096 -4.889
16974.656520 -4.893
17097.661878 -4.898
17221.558584 -4.902
17346.353097 -4.906
17472.051922 -4.910
17598.661613 -4.914
17726.188769 -4.917
17854.640040 -4.921
17984.022122 -4.924
18114.341760 -4.927
18245.605748 -4.931
18377.820928 -4.933
18510.994194 -4.936
18645.132489 -4.939
18780.242805 -4.942
18916.332186 -4.944
19053.407727 -4.947
19191.476573 -4.949
19330.545924 -4.951
19470.623028 -4.953
19611.715189 -4.955
19753.829761 -4.957
19896.974155 -4.959
20041.155832 -4.961
20186.382308 -4.962
20332.661156 -4.964
20480.000000 -4.965
20628.406522 -4.967
20777.888460 -4.968
20928.453604 -4.969
21080.109806 -4.971
21232.864972 -4.972
21386.727064 -4.973
21541.704105 -4.974
21697.804172 -4.975
21855.035406 -4.975
22013.406002 -4.976
22172.924216 -4.977
22333.598365 -4.977
22495.436825 -4.978
22658.448034 -4.978
22822.640488 -4.979
22988.022749 -4.979
23154.603438 -4.980
23322.391240 -4.980
23491.394901 -4.980
23661.623232 -4.980
23833.085108 -4.980
24005.789467 -4.980
