10.000000 5.000
10.072464 5.000
10.145453 5.000
10.218971 5.000
10.293022 5.000
10.367610 5.000
10.442738 5.000
10.518410 5.000
10.594631 5.000
10.671404 5.000
10.748733 5.000
10.826623 5.000
10.905077 5.000
10.984100 5.000
11.063695 5.000
11.143867 5.000
11.224620 5.000
11.305959 5.000
11.387886 5.000
11.470408 5.000
11.553527 5.000
11.637249 5.000
11.721577 5.000
11.806516 5.000
11.892071 5.000
11.978246 5.000
12.065045 5.000
12.152474 5.000
12.240535 5.000
12.329235 5.000
12.418578 5.000
12.508568 5.000
12.599210 5.000
12.690510 5.000
12.782470 5.000
12.875097 5.000
12.968396 5.000
13.062370 5.000
13.157025 5.000
13.252366 5.000
13.348399 5.000
13.445127 5.000
13.542555 5.000
13.640690 5.000
13.739536 5.000
13.839099 5.000
13.939383 5.000
14.040393 5.000
14.142136 5.000
14.244615 5.000
14.347838 5.000
14.451808 5.000
14.556532 5.000
14.662014 5.000
14.768261 5.000
14.875278 5.000
14.983071 5.000
15.091644 5.000
15.201005 5.000
15.311157 5.000
15.422108 5.000
15.533863 5.000
15.646428 5.000
15.759808 5.000
15.874011 5.000
15.989040 5.000
16.104903 5.000
16.221606 5.000
16.339155 5.000
16.457555 5.000
16.576813 5.000
16.696935 5.000
16.817928 5.000
16.939798 5.000
17.062551 5.000
17.186193 5.000
17.310731 5.000
17.436172 5.000
17.562522 5.000
17.689787 5.000
17.817974 5.000
17.947091 5.000
18.077143 5.000
18.208137 5.000
18.340081 5.000
18.472981 5.000
18.606843 5.000
18.741676 5.000
18.877486 5.000
19.014280 5.000
19.152066 5.000
19.290849 5.000
19.430639 5.000
19.571441 5.000
19.713264 5.000
19.856114 5.000
20.000000 4.999
20.144928 4.999
20.290907 4.999
20.437943 4.999
20.586045 4.999
20.735220 4.999
20.885476 4.999
21.036820 4.999
21.189262 4.999
21.342808 4.999
21.497467 4.999
21.653246 4.999
21.810155 4.999
21.968200 4.999
22.127391 4.999
22.287735 4.999
22.449241 4.999
22.611917 4.999
22.775773 4.998
22.940815 4.998
23.107054 4.998
23.274497 4.998
23.443154 4.998
23.613033 4.998
23.784142 4.998
23.956492 4.998
24.130091 4.997
24.304947 4.997
24.481071 4.997
24.658471 4.997
24.837156 4.997
25.017137 4.997
25.198421 4.996
25.381019 4.996
25.564940 4.996
25.750195 4.996
25.936791 4.995
26.124740 4.995
26.314050 4.995
26.504733 4.995
26.696797 4.994
26.890253 4.994
27.085111 4.994
27.281381 4.993
27.479073 4.993
27.678198 4.992
27.878765 4.992
28.080786 4.991
28.284271 4.991
28.489231 4.990
28.695675 4.990
28.903616 4.989
29.113064 4.989
29.324029 4.988
29.536523 4.987
29.750557 4.987
29.966142 4.986
30.183289 4.985
30.402009 4.984
30.622315 4.983
30.844217 4.982
31.067726 4.981
31.292856 4.980
31.519617 4.979
31.748021 4.978
31.978080 4.977
32.209807 4.975
32.443212 4.974
32.678309 4.973
32.915110 4.971
33.153626 4.970
33.393871 4.968
33.635857 4.966
33.879596 4.964
34.125101 4.963
34.372386 4.961
34.621462 4.959
34.872344 4.956
35.125043 4.954
35.379574 4.952
35.635949 4.949
35.894182 4.946
36.154286 4.944
36.416274 4.941
36.680162 4.938
36.945961 4.935
37.213687 4.931
37.483353 4.928
37.754973 4.924
38.028561 4.920
38.304131 4.916
38.581699 4.912
38.861278 4.908
39.142882 4.903
39.426528 4.899
39.712229 4.894
40.000000 4.889
40.289856 4.883
40.581813 4.878
40.875886 4.872
41.172089 4.866
41.470439 4.860
41.770951 4.854
42.073641 4.847
42.378524 4.840
42.685616 4.833
42.994934 4.825
43.306493 4.817
43.620309 4.809
43.936400 4.801
44.254781 4.792
44.575470 4.783
44.898482 4.774
45.223835 4.764
45.551545 4.754
45.881631 4.744
46.214108 4.733
46.548994 4.722
46.886308 4.711
47.226065 4.699
47.568285 4.687
47.912984 4.675
48.260181 4.662
48.609894 4.649
48.962142 4.635
49.316942 4.621
49.674312 4.607
50.034273 4.592
50.396842 4.577
50.762038 4.562
51.129881 4.546
51.500389 4.530
51.873582 4.513
52.249480 4.496
52.628101 4.479
53.009466 4.461
53.393594 4.443
53.780506 4.425
54.170222 4.406
54.562762 4.387
54.958146 4.367
55.356395 4.347
55.757531 4.327
56.161573 4.306
56.568542 4.285
56.978461 4.264
57.391351 4.242
57.807232 4.220
58.226127 4.198
58.648058 4.175
59.073046 4.152
59.501113 4.129
59.932283 4.105
60.366577 4.081
60.804018 4.057
61.244629 4.033
61.688433 4.008
62.135453 3.983
62.585712 3.958
63.039234 3.932
63.496042 3.907
63.956161 3.881
64.419613 3.854
64.886424 3.828
65.356618 3.801
65.830219 3.774
66.307252 3.747
66.787742 3.720
67.271713 3.692
67.759192 3.664
68.250203 3.636
68.744772 3.608
69.242925 3.580
69.744688 3.552
70.250086 3.523
70.759147 3.494
71.271897 3.465
71.788363 3.436
72.308571 3.407
72.832549 3.377
73.360323 3.348
73.891923 3.318
74.427374 3.289
74.966705 3.259
75.509945 3.229
76.057121 3.199
76.608262 3.168
77.163398 3.138
77.722555 3.108
78.285765 3.077
78.853056 3.047
79.424458 3.016
80.000000 2.985
80.579713 2.955
81.163627 2.924
81.751772 2.893
82.344179 2.862
82.940879 2.831
83.541903 2.800
84.147282 2.768
84.757048 2.737
85.371232 2.706
85.989867 2.675
86.612985 2.643
87.240619 2.612
87.872800 2.581
88.509563 2.549
89.150939 2.518
89.796964 2.487
90.447670 2.455
91.103091 2.424
91.763261 2.392
92.428216 2.361
93.097989 2.329
93.772615 2.298
94.452130 2.266
95.136569 2.235
95.825968 2.203
96.520362 2.172
97.219789 2.141
97.924283 2.109
98.633883 2.078
99.348625 2.047
100.068546 2.015
100.793684 1.984
101.524077 1.953
102.259762 1.922
103.000778 1.891
103.747164 1.860
104.498959 1.829
105.256202 1.798
106.018931 1.767
106.787188 1.737
107.561012 1.706
108.340444 1.676
109.125523 1.645
109.916292 1.615
110.712791 1.585
111.515061 1.555
112.323145 1.525
113.137085 1.495
113.956923 1.466
114.782702 1.436
115.614465 1.407
116.452255 1.378
117.296116 1.349
118.146092 1.320
119.002227 1.291
119.864566 1.263
120.733154 1.234
121.608036 1.206
122.489258 1.178
123.376866 1.151
124.270906 1.124
125.171424 1.096
126.078468 1.070
126.992084 1.043
127.912321 1.017
128.839227 0.990
129.772849 0.965
130.713236 0.939
131.660438 0.914
132.614504 0.889
133.575483 0.865
134.543426 0.840
135.518384 0.816
136.500406 0.793
137.489544 0.770
138.485850 0.747
139.489375 0.724
140.500173 0.702
141.518295 0.681
142.543795 0.659
143.576726 0.638
144.617142 0.618
145.665098 0.598
146.720647 0.578
147.783845 0.559
148.854748 0.540
149.933411 0.521
151.019890 0.503
152.114242 0.485
153.216525 0.468
154.326795 0.451
155.445111 0.435
156.571530 0.419
157.706112 0.403
158.848915 0.388
160.000000 0.374
161.159426 0.359
162.327254 0.345
163.503544 0.332
164.688358 0.319
165.881758 0.306
167.083805 0.294
168.294563 0.282
169.514095 0.270
170.742464 0.259
171.979734 0.248
173.225970 0.238
174.481237 0.228
175.745600 0.218
177.019125 0.209
178.301879 0.200
179.593928 0.191
180.895339 0.183
182.206182 0.175
183.526523 0.167
184.856431 0.159
186.195977 0.152
187.545230 0.145
188.904260 0.139
190.273138 0.132
191.651936 0.126
193.040725 0.120
194.439578 0.115
195.848567 0.109
197.267766 0.104
198.697250 0.099
200.137092 0.094
201.587368 0.090
203.048153 0.085
204.519524 0.081
206.001557 0.077
207.494329 0.073
208.997918 0.070
210.512403 0.066
212.037863 0.063
213.574377 0.060
215.122025 0.057
216.680888 0.054
218.251047 0.051
219.832584 0.049
221.425581 0.046
223.030122 0.044
224.646290 0.042
226.274170 0.039
227.913846 0.037
229.565404 0.035
231.228929 0.034
232.904509 0.032
234.592231 0.030
236.292183 0.029
238.004454 0.027
239.729132 0.026
241.466308 0.024
243.216073 0.023
244.978517 0.022
246.753732 0.021
248.541811 0.019
250.342848 0.018
252.156935 0.017
253.984168 0.016
255.824642 0.016
257.678453 0.015
259.545697 0.014
261.426473 0.013
263.320877 0.012
265.229008 0.012
267.150967 0.011
269.086853 0.010
271.036767 0.010
273.000811 0.009
274.979088 0.009
276.971700 0.008
278.978751 0.008
281.000346 0.007
283.036590 0.007
285.087590 0.007
287.153452 0.006
289.234284 0.006
291.330195 0.006
293.441294 0.005
295.567690 0.005
297.709496 0.005
299.866821 0.004
302.039780 0.004
304.228485 0.004
306.433050 0.004
308.653590 0.003
310.890221 0.003
313.143060 0.003
315.412224 0.003
317.697831 0.003
320.000000 0.003
322.318852 0.002
324.654507 0.002
327.007088 0.002
329.376716 0.002
331.763515 0.002
334.167610 0.002
336.589127 0.002
339.028190 0.002
341.484928 0.001
343.959469 0.001
346.451941 0.001
348.962474 0.001
351.491200 0.001
354.038251 0.001
356.603758 0.001
359.187855 0.001
361.790679 0.001
364.412363 0.001
367.053045 0.001
369.712863 0.001
372.391955 0.001
375.090460 0.001
377.808521 0.001
380.546277 0.001
383.303872 0.001
386.081450 0.001
388.879155 0.000
391.697134 0.000
394.535533 0.000
397.394500 0.000
400.274184 0.000
403.174736 0.000
406.096306 0.000
409.039048 0.000
412.003113 0.000
414.988657 0.000
417.995836 0.000
421.024807 0.000
424.075726 0.000
427.148753 0.000
430.244049 0.000
433.361775 0.000
436.502093 0.000
439.665167 0.000
442.851162 0.000
446.060244 0.000
449.292581 0.000
452.548340 0.000
455.827692 0.000
459.130807 0.000
462.457858 0.000
465.809019 0.000
469.184463 0.000
472.584367 0.000
476.008908 0.000
479.458265 0.000
482.932617 0.000
486.432146 0.000
489.957033 0.000
493.507464 0.000
497.083623 0.000
500.685695 0.000
504.313870 0.000
507.968337 0.000
511.649285 0.000
515.356906 0.000
519.091395 0.000
522.852945 0.000
526.641753 0.000
530.458016 0.000
534.301934 0.000
538.173706 0.000
542.073534 0.000
546.001623 0.000
549.958175 0.000
553.943399 0.000
557.957501 0.000
562.000691 0.000
566.073180 0.000
570.175180 0.000
574.306904 0.000
578.468569 -0.000
582.660390 -0.000
586.882588 -0.000
591.135381 -0.000
595.418991 -0.000
599.733643 -0.000
604.079560 -0.000
608.456970 -0.000
612.866100 -0.000
617.307180 -0.000
621.780442 -0.000
626.286120 -0.000
630.824447 -0.000
635.395661 -0.000
640.000000 -0.000
644.637704 -0.000
649.309014 -0.000
654.014175 -0.000
658.753431 -0.000
663.527030 -0.000
668.335221 -0.000
673.178253 -0.000
678.056380 -0.000
682.969856 -0.000
687.918938 -0.000
692.903882 -0.000
697.924949 -0.000
702.982401 -0.000
708.076501 -0.000
713.207515 -0.000
718.375711 -0.000
723.581357 -0.000
728.824726 -0.000
734.106091 -0.000
739.425726 -0.000
744.783910 -0.000
750.180921 -0.000
755.617041 -0.000
761.092554 -0.000
766.607744 -0.000
772.162900 -0.000
777.758310 -0.000
783.394268 -0.000
789.071066 -0.000
794.789000 -0.000
800.548368 -0.000
806.349472 -0.000
812.192613 -0.000
818.078095 -0.000
824.006226 -0.000
829.977315 -0.000
835.991673 -0.000
842.049613 -0.000
848.151452 -0.000
854.297507 -0.000
860.488099 -0.000
866.723550 -0.000
873.004186 -0.000
879.330334 -0.000
885.702324 -0.000
892.120489 -0.000
898.585161 -0.000
905.096680 -0.001
911.655384 -0.001
918.261614 -0.001
924.915716 -0.001
931.618037 -0.001
938.368925 -0.001
945.168733 -0.001
952.017816 -0.001
958.916529 -0.001
965.865234 -0.001
972.864291 -0.001
979.914067 -0.001
987.014928 -0.001
994.167245 -0.001
1001.371391 -0.001
1008.627741 -0.001
1015.936673 -0.001
1023.298569 -0.001
1030.713812 -0.002
1038.182790 -0.002
1045.705890 -0.002
1053.283506 -0.002
1060.916032 -0.002
1068.603867 -0.002
1076.347412 -0.002
1084.147069 -0.002
1092.003245 -0.002
1099.916351 -0.003
1107.886798 -0.003
1115.915003 -0.003
1124.001383 -0.003
1132.146360 -0.003
1140.350359 -0.003
1148.613808 -0.004
1156.937137 -0.004
1165.320781 -0.004
1173.765175 -0.004
1182.270762 -0.005
1190.837983 -0.005
1199.467286 -0.005
1208.159120 -0.005
1216.913939 -0.006
1225.732199 -0.006
1234.614360 -0.006
1243.560885 -0.007
1252.572239 -0.007
1261.648894 -0.007
1270.791322 -0.008
1280.000000 -0.008
1289.275408 -0.009
1298.618029 -0.009
1308.028350 -0.010
1317.506863 -0.010
1327.054061 -0.011
1336.670442 -0.011
1346.356507 -0.012
1356.112761 -0.013
1365.939713 -0.013
1375.837875 -0.014
1385.807763 -0.015
1395.849898 -0.016
1405.964802 -0.016
1416.153002 -0.017
1426.415031 -0.018
1436.751422 -0.019
1447.162715 -0.020
1457.649452 -0.021
1468.212181 -0.022
1478.851452 -0.023
1489.567819 -0.025
1500.361842 -0.026
1511.234082 -0.027
1522.185107 -0.028
1533.215488 -0.030
1544.325799 -0.031
1555.516621 -0.033
1566.788535 -0.034
1578.142131 -0.036
1589.577999 -0.038
1601.096737 -0.040
1612.698944 -0.042
1624.385225 -0.044
1636.156190 -0.046
1648.012452 -0.048
1659.954630 -0.050
1671.983345 -0.052
1684.099226 -0.055
1696.302903 -0.057
1708.595013 -0.060
1720.976197 -0.062
1733.447100 -0.065
1746.008372 -0.068
1758.660669 -0.071
1771.404649 -0.074
1784.240977 -0.077
1797.170323 -0.081
1810.193360 -0.084
1823.310767 -0.088
1836.523229 -0.091
1849.831433 -0.095
1863.236074 -0.099
1876.737851 -0.103
1890.337467 -0.107
1904.035631 -0.111
1917.833058 -0.116
1931.730467 -0.120
1945.728583 -0.125
1959.828134 -0.130
1974.029857 -0.135
1988.334491 -0.140
2002.742782 -0.145
2017.255482 -0.150
2031.873347 -0.155
2046.597138 -0.161
2061.427625 -0.167
2076.365579 -0.172
2091.411780 -0.178
2106.567012 -0.184
2121.832065 -0.191
2137.207735 -0.197
2152.694823 -0.203
2168.294137 -0.210
2184.006490 -0.217
2199.832702 -0.223
2215.773596 -0.230
2231.830005 -0.237
2248.002765 -0.245
2264.292720 -0.252
2280.700718 -0.259
2297.227616 -0.267
2313.874274 -0.274
2330.641561 -0.282
2347.530351 -0.290
2364.541523 -0.298
2381.675966 -0.306
2398.934572 -0.314
2416.318240 -0.322
2433.827878 -0.330
2451.464399 -0.339
2469.228720 -0.347
2487.121769 -0.356
2505.144479 -0.364
2523.297789 -0.373
2541.582644 -0.382
2560.000000 -0.391
2578.550815 -0.400
2597.236057 -0.409
2616.056701 -0.418
2635.013726 -0.427
2654.108121 -0.436
2673.340883 -0.445
2692.713013 -0.455
2712.225522 -0.464
2731.879426 -0.474
2751.675750 -0.483
2771.615527 -0.493
2791.699796 -0.502
2811.929603 -0.512
2832.306004 -0.522
2852.830061 -0.531
2873.502844 -0.541
2894.325430 -0.551
2915.298905 -0.561
2936.424363 -0.571
2957.702904 -0.581
2979.135638 -0.591
3000.723683 -0.601
3022.468164 -0.611
3044.370214 -0.621
3066.430976 -0.631
3088.651599 -0.641
3111.033242 -0.651
3133.577071 -0.662
3156.284262 -0.672
3179.155999 -0.682
3202.193474 -0.692
3225.397888 -0.703
3248.770450 -0.713
3272.312380 -0.723
3296.024905 -0.734
3319.909260 -0.744
3343.966691 -0.754
3368.198452 -0.765
3392.605806 -0.775
3417.190027 -0.786
3441.952394 -0.796
3466.894200 -0.807
3492.016745 -0.817
3517.321337 -0.828
3542.809298 -0.838
3568.481954 -0.849
3594.340646 -0.859
3620.386720 -0.870
3646.621534 -0.880
3673.046457 -0.891
3699.662866 -0.902
3726.472148 -0.912
3753.475701 -0.923
3780.674934 -0.933
3808.071263 -0.944
3835.666117 -0.955
3863.460935 -0.965
3891.457165 -0.976
3919.656268 -0.986
3948.059713 -0.997
3976.668981 -1.008
4005.485564 -1.018
4034.510963 -1.029
4063.746693 -1.040
4093.194277 -1.050
4122.855250 -1.061
4152.731158 -1.072
4182.823560 -1.082
4213.134024 -1.093
4243.664130 -1.104
4274.415470 -1.114
4305.389646 -1.125
4336.588274 -1.136
4368.012981 -1.147
4399.665403 -1.157
4431.547192 -1.168
4463.660010 -1.179
4496.005531 -1.189
4528.585440 -1.200
4561.401437 -1.211
4594.455232 -1.222
4627.748549 -1.232
4661.283122 -1.243
4695.060701 -1.254
4729.083046 -1.264
4763.351932 -1.275
4797.869143 -1.286
4832.636481 -1.297
4867.655757 -1.307
4902.928797 -1.318
4938.457440 -1.329
4974.243539 -1.340
5010.288958 -1.350
5046.595577 -1.361
5083.165289 -1.372
5120.000000 -1.382
5157.101631 -1.393
5194.472115 -1.404
5232.113401 -1.415
5270.027452 -1.425
5308.216243 -1.436
5346.681766 -1.447
5385.426026 -1.458
5424.451043 -1.468
5463.758851 -1.479
5503.351500 -1.490
5543.231054 -1.501
5583.399591 -1.511
5623.859206 -1.522
5664.612008 -1.533
5705.660122 -1.544
5747.005687 -1.554
5788.650860 -1.565
5830.597810 -1.576
5872.848725 -1.587
5915.405808 -1.597
5958.271277 -1.608
6001.447367 -1.619
6044.936328 -1.629
6088.740429 -1.640
6132.861952 -1.651
6177.303198 -1.662
6222.066483 -1.672
6267.154142 -1.683
6312.568524 -1.694
6358.311998 -1.705
6404.386948 -1.715
6450.795775 -1.726
6497.540901 -1.737
6544.624761 -1.748
6592.049809 -1.758
6639.818520 -1.769
6687.933382 -1.780
6736.396904 -1.790
6785.211613 -1.801
6834.380053 -1.812
6883.904789 -1.823
6933.788400 -1.833
6984.033489 -1.844
7034.642675 -1.855
7085.618596 -1.865
7136.963909 -1.876
7188.681291 -1.887
7240.773439 -1.898
7293.243069 -1.908
7346.092914 -1.919
7399.325732 -1.930
7452.944296 -1.940
7506.951403 -1.951
7561.349867 -1.962
7616.142525 -1.972
7671.332234 -1.983
7726.921869 -1.994
7782.914330 -2.005
7839.312536 -2.015
7896.119426 -2.026
7953.337962 -2.037
8010.971128 -2.047
8069.021927 -2.058
8127.493386 -2.068
8186.388553 -2.079
8245.710500 -2.090
8305.462317 -2.100
8365.647121 -2.111
8426.268048 -2.122
8487.328260 -2.132
8548.830939 -2.143
8610.779292 -2.153
8673.176549 -2.164
8736.025961 -2.174
8799.330806 -2.185
8863.094385 -2.196
8927.320020 -2.206
8992.011061 -2.217
9057.170880 -2.227
9122.802874 -2.238
9188.910464 -2.248
9255.497097 -2.259
9322.566244 -2.269
9390.121402 -2.279
9458.166093 -2.290
9526.703863 -2.300
9595.738287 -2.311
9665.272962 -2.321
9735.311514 -2.331
9805.857594 -2.341
9876.914881 -2.352
9948.487077 -2.362
10020.577916 -2.372
10093.191154 -2.382
10166.330578 -2.393
10240.000000 -2.403
10314.203261 -2.413
10388.944230 -2.423
10464.226802 -2.433
10540.054903 -2.443
10616.432486 -2.453
10693.363532 -2.463
10770.852052 -2.473
10848.902086 -2.483
10927.517703 -2.492
11006.703001 -2.502
11086.462108 -2.512
11166.799182 -2.521
11247.718413 -2.531
11329.224017 -2.541
11411.320244 -2.550
11494.011375 -2.559
11577.301719 -2.569
11661.195620 -2.578
11745.697450 -2.587
11830.811616 -2.596
11916.542554 -2.606
12002.894734 -2.615
12089.872657 -2.624
12177.480858 -2.632
12265.723904 -2.641
12354.606395 -2.650
12444.132966 -2.658
12534.308283 -2.667
12625.137048 -2.675
12716.623996 -2.684
12808.773895 -2.692
12901.591551 -2.700
12995.081802 -2.708
13089.249521 -2.716
13184.099619 -2.724
13279.637040 -2.732
13375.866764 -2.739
13472.793808 -2.747
13570.423226 -2.754
13668.760107 -2.762
13767.809577 -2.769
13867.576801 -2.776
13968.066979 -2.783
14069.285350 -2.789
14171.237191 -2.796
14273.927818 -2.803
14377.362583 -2.809
14481.546879 -2.815
14586.486137 -2.821
14692.185828 -2.827
14798.651463 -2.833
14905.888592 -2.839
15013.902806 -2.845
15122.699734 -2.850
15232.285051 -2.855
15342.664467 -2.861
15453.843739 -2.866
15565.828661 -2.871
15678.625072 -2.875
15792.238852 -2.880
15906.675925 -2.885
16021.942256 -2.889
16138.043854 -2.893
16254.986772 -2.897
16372.777107 -2.902
16491.420999 -2.905
16610.924634 -2.909
16731.294241 -2.913
16852.536096 -2.916
16974.656520 -2.920
17097.661878 -2.923
17221.558584 -2.926
17346.353097 -2.929
17472.051922 -2.932
17598.661613 -2.935
17726.188769 -2.938
17854.640040 -2.940
17984.022122 -2.943
18114.341760 -2.945
18245.605748 -2.948
18377.820928 -2.950
18510.994194 -2.952
18645.132489 -2.954
18780.242805 -2.956
18916.332186 -2.958
19053.407727 -2.960
19191.476573 -2.962
19330.545924 -2.963
19470.623028 -2.965
19611.715189 -2.966
19753.829761 -2.968
19896.974155 -2.969
20041.155832 -2.971
20186.382308 -2.972
20332.661156 -2.973
20480.000000 -2.974
20628.406522 -2.975
20777.888460 -2.976
20928.453604 -2.977
21080.109806 -2.978
21232.864972 -2.979
21386.727064 -2.979
21541.704105 -2.980
21697.804172 -2.981
21855.035406 -2.981
22013.406002 -2.982
22172.924216 -2.983
22333.598365 -2.983
22495.436825 -2.983
22658.448034 -2.984
22822.640488 -2.984
22988.022749 -2.984
23154.603438 -2.985
23322.391240 -2.985
23491.394901 -2.985
23661.623232 -2.985
23833.085108 -2.985
24005.789467 -2.985
