10.000000 3.000
10.072464 3.000
10.145453 3.000
10.218971 3.000
10.293022 3.000
10.367610 3.000
10.442738 3.000
10.518410 3.000
10.594631 3.000
10.671404 3.000
10.748733 3.000
10.826623 3.000
10.905077 3.000
10.984100 3.000
11.063695 3.000
11.143867 3.000
11.224620 3.000
11.305959 3.000
11.387886 3.000
11.470408 3.000
11.553527 3.000
11.637249 3.000
11.721577 3.000
11.806516 3.000
11.892071 3.000
11.978246 3.000
12.065045 3.000
12.152474 3.000
12.240535 3.000
12.329235 3.000
12.418578 3.000
12.508568 3.000
12.599210 3.000
12.690510 3.000
12.782470 3.000
12.875097 3.000
12.968396 3.000
13.062370 3.000
13.157025 3.000
13.252366 3.000
13.348399 3.000
13.445127 3.000
13.542555 3.000
13.640690 3.000
13.739536 3.000
13.839099 3.000
13.939383 3.000
14.040393 3.000
14.142136 3.000
14.244615 3.000
14.347838 3.000
14.451808 3.000
14.556532 3.000
14.662014 3.000
14.768261 3.000
14.875278 3.000
14.983071 3.000
15.091644 3.000
15.201005 3.000
15.311157 3.000
15.422108 3.000
15.533863 3.000
15.646428 3.000
15.759808 3.000
15.874011 3.000
15.989040 3.000
16.104903 3.000
16.221606 3.000
16.339155 3.000
16.457555 3.000
16.576813 3.000
16.696935 3.000
16.817928 3.000
16.939798 3.000
17.062551 3.000
17.186193 3.000
17.310731 3.000
17.436172 3.000
17.562522 3.000
17.689787 3.000
17.817974 3.000
17.947091 3.000
18.077143 3.000
18.208137 3.000
18.340081 3.000
18.472981 3.000
18.606843 3.000
18.741676 3.000
18.877486 3.000
19.014280 3.000
19.152066 3.000
19.290849 3.000
19.430639 3.000
19.571441 3.000
19.713264 3.000
19.856114 3.000
20.000000 3.000
20.144928 3.000
20.290907 3.000
20.437943 3.000
20.586045 3.000
20.735220 3.000
20.885476 3.000
21.036820 2.999
21.189262 2.999
21.342808 2.999
21.497467 2.999
21.653246 2.999
21.810155 2.999
21.968200 2.999
22.127391 2.999
22.287735 2.999
22.449241 2.999
22.611917 2.999
22.775773 2.999
22.940815 2.999
23.107054 2.999
23.274497 2.999
23.443154 2.999
23.613033 2.999
23.784142 2.999
23.956492 2.998
24.130091 2.998
24.304947 2.998
24.481071 2.998
24.658471 2.998
24.837156 2.998
25.017137 2.998
25.198421 2.998
25.381019 2.998
25.564940 2.997
25.750195 2.997
25.936791 2.997
26.124740 2.997
26.314050 2.997
26.504733 2.997
26.696797 2.996
26.890253 2.996
27.085111 2.996
27.281381 2.996
27.479073 2.995
27.678198 2.995
27.878765 2.995
28.080786 2.995
28.284271 2.994
28.489231 2.994
28.695675 2.994
28.903616 2.993
29.113064 2.993
29.324029 2.992
29.536523 2.992
29.750557 2.992
29.966142 2.991
30.183289 2.991
30.402009 2.990
30.622315 2.989
30.844217 2.989
31.067726 2.988
31.292856 2.988
31.519617 2.987
31.748021 2.986
31.978080 2.985
32.209807 2.985
32.443212 2.984
32.678309 2.983
32.915110 2.982
33.153626 2.981
33.393871 2.980
33.635857 2.979
33.879596 2.978
34.125101 2.976
34.372386 2.975
34.621462 2.974
34.872344 2.972
35.125043 2.971
35.379574 2.970
35.635949 2.968
35.894182 2.966
36.154286 2.965
36.416274 2.963
36.680162 2.961
36.945961 2.959
37.213687 2.957
37.483353 2.955
37.754973 2.952
38.028561 2.950
38.304131 2.947
38.581699 2.945
38.861278 2.942
39.142882 2.939
39.426528 2.936
39.712229 2.933
40.000000 2.930
40.289856 2.927
40.581813 2.923
40.875886 2.919
41.172089 2.916
41.470439 2.912
41.770951 2.908
42.073641 2.903
42.378524 2.899
42.685616 2.895
42.994934 2.890
43.306493 2.885
43.620309 2.880
43.936400 2.874
44.254781 2.869
44.575470 2.863
44.898482 2.857
45.223835 2.851
45.551545 2.845
45.881631 2.839
46.214108 2.832
46.548994 2.825
46.886308 2.818
47.226065 2.811
47.568285 2.803
47.912984 2.795
48.260181 2.787
48.609894 2.779
48.962142 2.771
49.316942 2.762
49.674312 2.753
50.034273 2.744
50.396842 2.734
50.762038 2.725
51.129881 2.715
51.500389 2.705
51.873582 2.694
52.249480 2.684
52.628101 2.673
53.009466 2.662
53.393594 2.651
53.780506 2.639
54.170222 2.628
54.562762 2.616
54.958146 2.604
55.356395 2.591
55.757531 2.579
56.161573 2.566
56.568542 2.553
56.978461 2.540
57.391351 2.526
57.807232 2.512
58.226127 2.499
58.648058 2.485
59.073046 2.470
59.501113 2.456
59.932283 2.442
60.366577 2.427
60.804018 2.412
61.244629 2.397
61.688433 2.382
62.135453 2.366
62.585712 2.351
63.039234 2.335
63.496042 2.319
63.956161 2.303
64.419613 2.287
64.886424 2.271
65.356618 2.254
65.830219 2.238
66.307252 2.221
66.787742 2.205
67.271713 2.188
67.759192 2.171
68.250203 2.154
68.744772 2.136
69.242925 2.119
69.744688 2.102
70.250086 2.084
70.759147 2.067
71.271897 2.049
71.788363 2.031
72.308571 2.014
72.832549 1.996
73.360323 1.978
73.891923 1.960
74.427374 1.942
74.966705 1.924
75.509945 1.905
76.057121 1.887
76.608262 1.869
77.163398 1.850
77.722555 1.832
78.285765 1.814
78.853056 1.795
79.424458 1.777
80.000000 1.758
80.579713 1.739
81.163627 1.721
81.751772 1.702
82.344179 1.683
82.940879 1.664
83.541903 1.646
84.147282 1.627
84.757048 1.608
85.371232 1.589
85.989867 1.570
86.612985 1.552
87.240619 1.533
87.872800 1.514
88.509563 1.495
89.150939 1.476
89.796964 1.457
90.447670 1.438
91.103091 1.419
91.763261 1.400
92.428216 1.382
93.097989 1.363
93.772615 1.344
94.452130 1.325
95.136569 1.306
95.825968 1.287
96.520362 1.269
97.219789 1.250
97.924283 1.231
98.633883 1.212
99.348625 1.194
100.068546 1.175
100.793684 1.156
101.524077 1.138
102.259762 1.119
103.000778 1.101
103.747164 1.082
104.498959 1.064
105.256202 1.045
106.018931 1.027
106.787188 1.009
107.561012 0.991
108.340444 0.973
109.125523 0.955
109.916292 0.937
110.712791 0.919
111.515061 0.901
112.323145 0.883
113.137085 0.866
113.956923 0.848
114.782702 0.831
115.614465 0.813
116.452255 0.796
117.296116 0.779
118.146092 0.762
119.002227 0.745
119.864566 0.728
120.733154 0.712
121.608036 0.695
122.489258 0.679
123.376866 0.663
124.270906 0.647
125.171424 0.631
126.078468 0.615
126.992084 0.599
127.912321 0.584
128.839227 0.569
129.772849 0.554
130.713236 0.539
131.660438 0.524
132.614504 0.510
133.575483 0.495
134.543426 0.481
135.518384 0.467
136.500406 0.454
137.489544 0.440
138.485850 0.427
139.489375 0.414
140.500173 0.401
141.518295 0.389
142.543795 0.376
143.576726 0.364
144.617142 0.352
145.665098 0.341
146.720647 0.329
147.783845 0.318
148.854748 0.307
149.933411 0.297
151.019890 0.286
152.114242 0.276
153.216525 0.266
154.326795 0.257
155.445111 0.247
156.571530 0.238
157.706112 0.229
158.848915 0.220
160.000000 0.212
161.159426 0.204
162.327254 0.196
163.503544 0.188
164.688358 0.181
165.881758 0.174
167.083805 0.167
168.294563 0.160
169.514095 0.153
170.742464 0.147
171.979734 0.141
173.225970 0.135
174.481237 0.129
175.745600 0.124
177.019125 0.118
178.301879 0.113
179.593928 0.108
180.895339 0.103
182.206182 0.099
183.526523 0.094
184.856431 0.090
186.195977 0.086
187.545230 0.082
188.904260 0.078
190.273138 0.075
191.651936 0.071
193.040725 0.068
194.439578 0.065
195.848567 0.062
197.267766 0.059
198.697250 0.056
200.137092 0.053
201.587368 0.051
203.048153 0.048
204.519524 0.046
206.001557 0.044
207.494329 0.042
208.997918 0.040
210.512403 0.038
212.037863 0.036
213.574377 0.034
215.122025 0.032
216.680888 0.031
218.251047 0.029
219.832584 0.028
221.425581 0.026
223.030122 0.025
224.646290 0.024
226.274170 0.022
227.913846 0.021
229.565404 0.020
231.228929 0.019
232.904509 0.018
234.592231 0.017
236.292183 0.016
238.004454 0.015
239.729132 0.015
241.466308 0.014
243.216073 0.013
244.978517 0.012
246.753732 0.012
248.541811 0.011
250.342848 0.010
252.156935 0.010
253.984168 0.009
255.824642 0.009
257.678453 0.008
259.545697 0.008
261.426473 0.007
263.320877 0.007
265.229008 0.007
267.150967 0.006
269.086853 0.006
271.036767 0.006
273.000811 0.005
274.979088 0.005
276.971700 0.005
278.978751 0.004
281.000346 0.004
283.036590 0.004
285.087590 0.004
287.153452 0.004
289.234284 0.003
291.330195 0.003
293.441294 0.003
295.567690 0.003
297.709496 0.003
299.866821 0.002
302.039780 0.002
304.228485 0.002
306.433050 0.002
308.653590 0.002
310.890221 0.002
313.143060 0.002
315.412224 0.002
317.697831 0.002
320.000000 0.001
322.318852 0.001
324.654507 0.001
327.007088 0.001
329.376716 0.001
331.763515 0.001
334.167610 0.001
336.589127 0.001
339.028190 0.001
341.484928 0.001
343.959469 0.001
346.451941 0.001
348.962474 0.001
351.491200 0.001
354.038251 0.001
356.603758 0.001
359.187855 0.001
361.790679 0.001
364.412363 0.000
367.053045 0.000
369.712863 0.000
372.391955 0.000
375.090460 0.000
377.808521 0.000
380.546277 0.000
383.303872 0.000
386.081450 0.000
388.879155 0.000
391.697134 0.000
394.535533 0.000
397.394500 0.000
400.274184 0.000
403.174736 0.000
406.096306 0.000
409.039048 0.000
412.003113 0.000
414.988657 0.000
417.995836 0.000
421.024807 0.000
424.075726 0.000
427.148753 0.000
430.244049 0.000
433.361775 0.000
436.502093 0.000
439.665167 0.000
442.851162 0.000
446.060244 0.000
449.292581 0.000
452.548340 0.000
455.827692 0.000
459.130807 0.000
462.457858 0.000
465.809019 0.000
469.184463 0.000
472.584367 0.000
476.008908 0.000
479.458265 0.000
482.932617 0.000
486.432146 0.000
489.957033 0.000
493.507464 0.000
497.083623 0.000
500.685695 0.000
504.313870 0.000
507.968337 0.000
511.649285 0.000
515.356906 0.000
519.091395 0.000
522.852945 0.000
526.641753 0.000
530.458016 0.000
534.301934 0.000
538.173706 0.000
542.073534 0.000
546.001623 0.000
549.958175 -0.000
553.943399 -0.000
557.957501 -0.000
562.000691 -0.000
566.073180 -0.000
570.175180 -0.000
574.306904 -0.000
578.468569 -0.000
582.660390 -0.000
586.882588 -0.000
591.135381 -0.000
595.418991 -0.000
599.733643 -0.000
604.079560 -0.000
608.456970 -0.000
612.866100 -0.000
617.307180 -0.000
621.780442 -0.000
626.286120 -0.000
630.824447 -0.000
635.395661 -0.000
640.000000 -0.000
644.637704 -0.000
649.309014 -0.000
654.014175 -0.000
658.753431 -0.000
663.527030 -0.000
668.335221 -0.000
673.178253 -0.000
678.056380 -0.000
682.969856 -0.000
687.918938 -0.000
692.903882 -0.000
697.924949 -0.000
702.982401 -0.000
708.076501 -0.000
713.207515 -0.000
718.375711 -0.000
723.581357 -0.000
728.824726 -0.000
734.106091 -0.000
739.425726 -0.000
744.783910 -0.000
750.180921 -0.000
755.617041 -0.000
761.092554 -0.000
766.607744 -0.000
772.162900 -0.000
777.758310 -0.000
783.394268 -0.000
789.071066 -0.000
794.789000 -0.000
800.548368 -0.000
806.349472 -0.000
812.192613 -0.000
818.078095 -0.000
824.006226 -0.000
829.977315 -0.000
835.991673 -0.000
842.049613 -0.000
848.151452 -0.000
854.297507 -0.000
860.488099 -0.000
866.723550 -0.000
873.004186 -0.000
879.330334 -0.000
885.702324 -0.000
892.120489 -0.000
898.585161 -0.000
905.096680 -0.001
911.655384 -0.001
918.261614 -0.001
924.915716 -0.001
931.618037 -0.001
938.368925 -0.001
945.168733 -0.001
952.017816 -0.001
958.916529 -0.001
965.865234 -0.001
972.864291 -0.001
979.914067 -0.001
987.014928 -0.001
994.167245 -0.001
1001.371391 -0.001
1008.627741 -0.001
1015.936673 -0.001
1023.298569 -0.001
1030.713812 -0.002
1038.182790 -0.002
1045.705890 -0.002
1053.283506 -0.002
1060.916032 -0.002
1068.603867 -0.002
1076.347412 -0.002
1084.147069 -0.002
1092.003245 -0.002
1099.916351 -0.003
1107.886798 -0.003
1115.915003 -0.003
1124.001383 -0.003
1132.146360 -0.003
1140.350359 -0.003
1148.613808 -0.004
1156.937137 -0.004
1165.320781 -0.004
1173.765175 -0.004
1182.270762 -0.005
1190.837983 -0.005
1199.467286 -0.005
1208.159120 -0.005
1216.913939 -0.006
1225.732199 -0.006
1234.614360 -0.006
1243.560885 -0.007
1252.572239 -0.007
1261.648894 -0.007
1270.791322 -0.008
1280.000000 -0.008
1289.275408 -0.009
1298.618029 -0.009
1308.028350 -0.010
1317.506863 -0.010
1327.054061 -0.011
1336.670442 -0.011
1346.356507 -0.012
1356.112761 -0.013
1365.939713 -0.013
1375.837875 -0.014
1385.807763 -0.015
1395.849898 -0.016
1405.964802 -0.016
1416.153002 -0.017
1426.415031 -0.018
1436.751422 -0.019
1447.162715 -0.020
1457.649452 -0.021
1468.212181 -0.022
1478.851452 -0.023
1489.567819 -0.025
1500.361842 -0.026
1511.234082 -0.027
1522.185107 -0.028
1533.215488 -0.030
1544.325799 -0.031
1555.516621 -0.033
1566.788535 -0.034
1578.142131 -0.036
1589.577999 -0.038
1601.096737 -0.040
1612.698944 -0.042
1624.385225 -0.044
1636.156190 -0.046
1648.012452 -0.048
1659.954630 -0.050
1671.983345 -0.052
1684.099226 -0.055
1696.302903 -0.057
1708.595013 -0.060
1720.976197 -0.062
1733.447100 -0.065
1746.008372 -0.068
1758.660669 -0.071
1771.404649 -0.074
1784.240977 -0.077
1797.170323 -0.081
1810.193360 -0.084
1823.310767 -0.088
1836.523229 -0.091
1849.831433 -0.095
1863.236074 -0.099
1876.737851 -0.103
1890.337467 -0.107
1904.035631 -0.111
1917.833058 -0.116
1931.730467 -0.120
1945.728583 -0.125
1959.828134 -0.130
1974.029857 -0.135
1988.334491 -0.140
2002.742782 -0.145
2017.255482 -0.150
2031.873347 -0.155
2046.597138 -0.161
2061.427625 -0.167
2076.365579 -0.172
2091.411780 -0.178
2106.567012 -0.184
2121.832065 -0.191
2137.207735 -0.197
2152.694823 -0.203
2168.294137 -0.210
2184.006490 -0.217
2199.832702 -0.223
2215.773596 -0.230
2231.830005 -0.237
2248.002765 -0.245
2264.292720 -0.252
2280.700718 -0.259
2297.227616 -0.267
2313.874274 -0.274
2330.641561 -0.282
2347.530351 -0.290
2364.541523 -0.298
2381.675966 -0.306
2398.934572 -0.314
2416.318240 -0.322
2433.827878 -0.330
2451.464399 -0.339
2469.228720 -0.347
2487.121769 -0.356
2505.144479 -0.364
2523.297789 -0.373
2541.582644 -0.382
2560.000000 -0.391
2578.550815 -0.400
2597.236057 -0.409
2616.056701 -0.418
2635.013726 -0.427
2654.108121 -0.436
2673.340883 -0.445
2692.713013 -0.455
2712.225522 -0.464
2731.879426 -0.474
2751.675750 -0.483
2771.615527 -0.493
2791.699796 -0.502
2811.929603 -0.512
2832.306004 -0.522
2852.830061 -0.531
2873.502844 -0.541
2894.325430 -0.551
2915.298905 -0.561
2936.424363 -0.571
2957.702904 -0.581
2979.135638 -0.591
3000.723683 -0.601
3022.468164 -0.611
3044.370214 -0.621
3066.430976 -0.631
3088.651599 -0.641
3111.033242 -0.651
3133.577071 -0.662
3156.284262 -0.672
3179.155999 -0.682
3202.193474 -0.692
3225.397888 -0.703
3248.770450 -0.713
3272.312380 -0.723
3296.024905 -0.734
3319.909260 -0.744
3343.966691 -0.754
3368.198452 -0.765
3392.605806 -0.775
3417.190027 -0.786
3441.952394 -0.796
3466.894200 -0.807
3492.016745 -0.817
3517.321337 -0.828
3542.809298 -0.838
3568.481954 -0.849
3594.340646 -0.859
3620.386720 -0.870
3646.621534 -0.880
3673.046457 -0.891
3699.662866 -0.902
3726.472148 -0.912
3753.475701 -0.923
3780.674934 -0.933
3808.071263 -0.944
3835.666117 -0.955
3863.460935 -0.965
3891.457165 -0.976
3919.656268 -0.986
3948.059713 -0.997
3976.668981 -1.008
4005.485564 -1.018
4034.510963 -1.029
4063.746693 -1.040
4093.194277 -1.050
4122.855250 -1.061
4152.731158 -1.072
4182.823560 -1.082
4213.134024 -1.093
4243.664130 -1.104
4274.415470 -1.114
4305.389646 -1.125
4336.588274 -1.136
4368.012981 -1.147
4399.665403 -1.157
4431.547192 -1.168
4463.660010 -1.179
4496.005531 -1.189
4528.585440 -1.200
4561.401437 -1.211
4594.455232 -1.222
4627.748549 -1.232
4661.283122 -1.243
4695.060701 -1.254
4729.083046 -1.264
4763.351932 -1.275
4797.869143 -1.286
4832.636481 -1.297
4867.655757 -1.307
4902.928797 -1.318
4938.457440 -1.329
4974.243539 -1.340
5010.288958 -1.350
5046.595577 -1.361
5083.165289 -1.372
5120.000000 -1.382
5157.101631 -1.393
5194.472115 -1.404
5232.113401 -1.415
5270.027452 -1.425
5308.216243 -1.436
5346.681766 -1.447
5385.426026 -1.458
5424.451043 -1.468
5463.758851 -1.479
5503.351500 -1.490
5543.231054 -1.501
5583.399591 -1.511
5623.859206 -1.522
5664.612008 -1.533
5705.660122 -1.544
5747.005687 -1.554
5788.650860 -1.565
5830.597810 -1.576
5872.848725 -1.587
5915.405808 -1.597
5958.271277 -1.608
6001.447367 -1.619
6044.936328 -1.629
6088.740429 -1.640
6132.861952 -1.651
6177.303198 -1.662
6222.066483 -1.672
6267.154142 -1.683
6312.568524 -1.694
6358.311998 -1.705
6404.386948 -1.715
6450.795775 -1.726
6497.540901 -1.737
6544.624761 -1.748
6592.049809 -1.758
6639.818520 -1.769
6687.933382 -1.780
6736.396904 -1.790
6785.211613 -1.801
6834.380053 -1.812
6883.904789 -1.823
6933.788400 -1.833
6984.033489 -1.844
7034.642675 -1.855
7085.618596 -1.865
7136.963909 -1.876
7188.681291 -1.887
7240.773439 -1.898
7293.243069 -1.908
7346.092914 -1.919
7399.325732 -1.930
7452.944296 -1.940
7506.951403 -1.951
7561.349867 -1.962
7616.142525 -1.972
7671.332234 -1.983
7726.921869 -1.994
7782.914330 -2.005
7839.312536 -2.015
7896.119426 -2.026
7953.337962 -2.037
8010.971128 -2.047
8069.021927 -2.058
8127.493386 -2.068
8186.388553 -2.079
8245.710500 -2.090
8305.462317 -2.100
8365.647121 -2.111
8426.268048 -2.122
8487.328260 -2.132
8548.830939 -2.143
8610.779292 -2.153
8673.176549 -2.164
8736.025961 -2.174
8799.330806 -2.185
8863.094385 -2.196
8927.320020 -2.206
8992.011061 -2.217
9057.170880 -2.227
9122.802874 -2.238
9188.910464 -2.248
9255.497097 -2.259
9322.566244 -2.269
9390.121402 -2.279
9458.166093 -2.290
9526.703863 -2.300
9595.738287 -2.311
9665.272962 -2.321
9735.311514 -2.331
9805.857594 -2.341
9876.914881 -2.352
9948.487077 -2.362
10020.577916 -2.372
10093.191154 -2.382
10166.330578 -2.393
10240.000000 -2.403
10314.203261 -2.413
10388.944230 -2.423
10464.226802 -2.433
10540.054903 -2.443
10616.432486 -2.453
10693.363532 -2.463
10770.852052 -2.473
10848.902086 -2.483
10927.517703 -2.492
11006.703001 -2.502
11086.462108 -2.512
11166.799182 -2.521
11247.718413 -2.531
11329.224017 -2.541
11411.320244 -2.550
11494.011375 -2.559
11577.301719 -2.569
11661.195620 -2.578
11745.697450 -2.587
11830.811616 -2.596
11916.542554 -2.606
12002.894734 -2.615
12089.872657 -2.624
12177.480858 -2.632
12265.723904 -2.641
12354.606395 -2.650
12444.132966 -2.658
12534.308283 -2.667
12625.137048 -2.675
12716.623996 -2.684
12808.773895 -2.692
12901.591551 -2.700
12995.081802 -2.708
13089.249521 -2.716
13184.099619 -2.724
13279.637040 -2.732
13375.866764 -2.739
13472.793808 -2.747
13570.423226 -2.754
13668.760107 -2.762
13767.809577 -2.769
13867.576801 -2.776
13968.066979 -2.783
14069.285350 -2.789
14171.237191 -2.796
14273.927818 -2.803
14377.362583 -2.809
14481.546879 -2.815
14586.486137 -2.821
14692.185828 -2.827
14798.651463 -2.833
14905.888592 -2.839
15013.902806 -2.845
15122.699734 -2.850
15232.285051 -2.855
15342.664467 -2.861
15453.843739 -2.866
15565.828661 -2.871
15678.625072 -2.875
15792.238852 -2.880
15906.675925 -2.885
16021.942256 -2.889
16138.043854 -2.893
16254.986772 -2.897
16372.777107 -2.902
16491.420999 -2.905
16610.924634 -2.909
16731.294241 -2.913
16852.536096 -2.916
16974.656520 -2.920
17097.661878 -2.923
17221.558584 -2.926
17346.353097 -2.929
17472.051922 -2.932
17598.661613 -2.935
17726.188769 -2.938
17854.640040 -2.940
17984.022122 -2.943
18114.341760 -2.945
18245.605748 -2.948
18377.820928 -2.950
18510.994194 -2.952
18645.132489 -2.954
18780.242805 -2.956
18916.332186 -2.958
19053.407727 -2.960
19191.476573 -2.962
19330.545924 -2.963
19470.623028 -2.965
19611.715189 -2.966
19753.829761 -2.968
19896.974155 -2.969
20041.155832 -2.971
20186.382308 -2.972
20332.661156 -2.973
20480.000000 -2.974
20628.406522 -2.975
20777.888460 -2.976
20928.453604 -2.977
21080.109806 -2.978
21232.864972 -2.979
21386.727064 -2.979
21541.704105 -2.980
21697.804172 -2.981
21855.035406 -2.981
22013.406002 -2.982
22172.924216 -2.983
22333.598365 -2.983
22495.436825 -2.983
22658.448034 -2.984
22822.640488 -2.984
22988.022749 -2.984
23154.603438 -2.985
23322.391240 -2.985
23491.394901 -2.985
23661.623232 -2.985
23833.085108 -2.985
24005.789467 -2.985
