10.000000 4.500
10.072464 4.500
10.145453 4.500
10.218971 4.500
10.293022 4.500
10.367610 4.500
10.442738 4.500
10.518410 4.500
10.594631 4.500
10.671404 4.500
10.748733 4.500
10.826623 4.500
10.905077 4.500
10.984100 4.500
11.063695 4.500
11.143867 4.500
11.224620 4.500
11.305959 4.500
11.387886 4.500
11.470408 4.500
11.553527 4.500
11.637249 4.500
11.721577 4.500
11.806516 4.500
11.892071 4.500
11.978246 4.500
12.065045 4.500
12.152474 4.500
12.240535 4.500
12.329235 4.500
12.418578 4.500
12.508568 4.500
12.599210 4.499
12.690510 4.499
12.782470 4.499
12.875097 4.499
12.968396 4.499
13.062370 4.499
13.157025 4.499
13.252366 4.499
13.348399 4.499
13.445127 4.499
13.542555 4.499
13.640690 4.499
13.739536 4.499
13.839099 4.499
13.939383 4.499
14.040393 4.499
14.142136 4.499
14.244615 4.499
14.347838 4.498
14.451808 4.498
14.556532 4.498
14.662014 4.498
14.768261 4.498
14.875278 4.498
14.983071 4.498
15.091644 4.498
15.201005 4.498
15.311157 4.497
15.422108 4.497
15.533863 4.497
15.646428 4.497
15.759808 4.497
15.874011 4.497
15.989040 4.496
16.104903 4.496
16.221606 4.496
16.339155 4.496
16.457555 4.495
16.576813 4.495
16.696935 4.495
16.817928 4.495
16.939798 4.494
17.062551 4.494
17.186193 4.494
17.310731 4.493
17.436172 4.493
17.562522 4.492
17.689787 4.492
17.817974 4.491
17.947091 4.491
18.077143 4.490
18.208137 4.490
18.340081 4.489
18.472981 4.489
18.606843 4.488
18.741676 4.487
18.877486 4.487
19.014280 4.486
19.152066 4.485
19.290849 4.484
19.430639 4.484
19.571441 4.483
19.713264 4.482
19.856114 4.481
20.000000 4.480
20.144928 4.479
20.290907 4.477
20.437943 4.476
20.586045 4.475
20.735220 4.474
20.885476 4.472
21.036820 4.471
21.189262 4.469
21.342808 4.468
21.497467 4.466
21.653246 4.464
21.810155 4.462
21.968200 4.460
22.127391 4.458
22.287735 4.456
22.449241 4.454
22.611917 4.452
22.775773 4.449
22.940815 4.447
23.107054 4.444
23.274497 4.441
23.443154 4.439
23.613033 4.436
23.784142 4.432
23.956492 4.429
24.130091 4.426
24.304947 4.422
24.481071 4.419
24.658471 4.415
24.837156 4.411
25.017137 4.407
25.198421 4.402
25.381019 4.398
25.564940 4.393
25.750195 4.389
25.936791 4.384
26.124740 4.378
26.314050 4.373
26.504733 4.368
26.696797 4.362
26.890253 4.356
27.085111 4.350
27.281381 4.343
27.479073 4.337
27.678198 4.330
27.878765 4.323
28.080786 4.316
28.284271 4.308
28.489231 4.301
28.695675 4.293
28.903616 4.285
29.113064 4.276
29.324029 4.268
29.536523 4.259
29.750557 4.250
29.966142 4.240
30.183289 4.231
30.402009 4.221
30.622315 4.211
30.844217 4.201
31.067726 4.190
31.292856 4.180
31.519617 4.169
31.748021 4.157
31.978080 4.146
32.209807 4.134
32.443212 4.122
32.678309 4.110
32.915110 4.098
33.153626 4.085
33.393871 4.072
33.635857 4.059
33.879596 4.046
34.125101 4.033
34.372386 4.019
34.621462 4.005
34.872344 3.991
35.125043 3.977
35.379574 3.962
35.635949 3.947
35.894182 3.933
36.154286 3.918
36.416274 3.902
36.680162 3.887
36.945961 3.871
37.213687 3.856
37.483353 3.840
37.754973 3.824
38.028561 3.808
38.304131 3.791
38.581699 3.775
38.861278 3.758
39.142882 3.741
39.426528 3.725
39.712229 3.708
40.000000 3.690
40.289856 3.673
40.581813 3.656
40.875886 3.638
41.172089 3.621
41.470439 3.603
41.770951 3.585
42.073641 3.567
42.378524 3.549
42.685616 3.531
42.994934 3.513
43.306493 3.495
43.620309 3.476
43.936400 3.458
44.254781 3.440
44.575470 3.421
44.898482 3.402
45.223835 3.384
45.551545 3.365
45.881631 3.346
46.214108 3.327
46.548994 3.308
46.886308 3.289
47.226065 3.270
47.568285 3.251
47.912984 3.232
48.260181 3.213
48.609894 3.193
48.962142 3.174
49.316942 3.155
49.674312 3.135
50.034273 3.116
50.396842 3.097
50.762038 3.077
51.129881 3.058
51.500389 3.038
51.873582 3.018
52.249480 2.999
52.628101 2.979
53.009466 2.960
53.393594 2.940
53.780506 2.920
54.170222 2.900
54.562762 2.881
54.958146 2.861
55.356395 2.841
55.757531 2.821
56.161573 2.801
56.568542 2.782
56.978461 2.762
57.391351 2.742
57.807232 2.722
58.226127 2.702
58.648058 2.682
59.073046 2.662
59.501113 2.642
59.932283 2.622
60.366577 2.602
60.804018 2.582
61.244629 2.562
61.688433 2.542
62.135453 2.522
62.585712 2.502
63.039234 2.482
63.496042 2.462
63.956161 2.442
64.419613 2.422
64.886424 2.402
65.356618 2.382
65.830219 2.362
66.307252 2.342
66.787742 2.322
67.271713 2.302
67.759192 2.282
68.250203 2.262
68.744772 2.242
69.242925 2.222
69.744688 2.202
70.250086 2.182
70.759147 2.161
71.271897 2.141
71.788363 2.121
72.308571 2.101
72.832549 2.081
73.360323 2.061
73.891923 2.041
74.427374 2.021
74.966705 2.001
75.509945 1.981
76.057121 1.961
76.608262 1.941
77.163398 1.921
77.722555 1.901
78.285765 1.881
78.853056 1.861
79.424458 1.841
80.000000 1.821
80.579713 1.801
81.163627 1.781
81.751772 1.761
82.344179 1.741
82.940879 1.721
83.541903 1.701
84.147282 1.681
84.757048 1.661
85.371232 1.641
85.989867 1.621
86.612985 1.601
87.240619 1.581
87.872800 1.561
88.509563 1.541
89.150939 1.522
89.796964 1.502
90.447670 1.482
91.103091 1.462
91.763261 1.442
92.428216 1.423
93.097989 1.403
93.772615 1.383
94.452130 1.364
95.136569 1.344
95.825968 1.325
96.520362 1.305
97.219789 1.286
97.924283 1.266
98.633883 1.247
99.348625 1.227
100.068546 1.208
100.793684 1.189
101.524077 1.170
102.259762 1.150
103.000778 1.131
103.747164 1.112
104.498959 1.093
105.256202 1.074
106.018931 1.055
106.787188 1.037
107.561012 1.018
108.340444 0.999
109.125523 0.981
109.916292 0.962
110.712791 0.944
111.515061 0.925
112.323145 0.907
113.137085 0.889
113.956923 0.871
114.782702 0.853
115.614465 0.835
116.452255 0.817
117.296116 0.800
118.146092 0.782
119.002227 0.765
119.864566 0.748
120.733154 0.731
121.608036 0.714
122.489258 0.697
123.376866 0.680
124.270906 0.664
125.171424 0.647
126.078468 0.631
126.992084 0.615
127.912321 0.599
128.839227 0.584
129.772849 0.568
130.713236 0.553
131.660438 0.538
132.614504 0.523
133.575483 0.508
134.543426 0.494
135.518384 0.480
136.500406 0.466
137.489544 0.452
138.485850 0.438
139.489375 0.425
140.500173 0.412
141.518295 0.399
142.543795 0.386
143.576726 0.374
144.617142 0.362
145.665098 0.350
146.720647 0.338
147.783845 0.327
148.854748 0.315
149.933411 0.304
151.019890 0.294
152.114242 0.283
153.216525 0.273
154.326795 0.263
155.445111 0.254
156.571530 0.244
157.706112 0.235
158.848915 0.226
160.000000 0.218
161.159426 0.209
162.327254 0.201
163.503544 0.193
164.688358 0.186
165.881758 0.178
167.083805 0.171
168.294563 0.164
169.514095 0.157
170.742464 0.151
171.979734 0.144
173.225970 0.138
174.481237 0.132
175.745600 0.127
177.019125 0.121
178.301879 0.116
179.593928 0.111
180.895339 0.106
182.206182 0.101
183.526523 0.097
184.856431 0.093
186.195977 0.088
187.545230 0.084
188.904260 0.080
190.273138 0.077
191.651936 0.073
193.040725 0.070
194.439578 0.067
195.848567 0.063
197.267766 0.060
198.697250 0.057
200.137092 0.055
201.587368 0.052
203.048153 0.050
204.519524 0.047
206.001557 0.045
207.494329 0.043
208.997918 0.041
210.512403 0.039
212.037863 0.037
213.574377 0.035
215.122025 0.033
216.680888 0.031
218.251047 0.030
219.832584 0.028
221.425581 0.027
223.030122 0.025
224.646290 0.024
226.274170 0.023
227.913846 0.022
229.565404 0.021
231.228929 0.020
232.904509 0.018
234.592231 0.018
236.292183 0.017
238.004454 0.016
239.729132 0.015
241.466308 0.014
243.216073 0.013
244.978517 0.013
246.753732 0.012
248.541811 0.011
250.342848 0.011
252.156935 0.010
253.984168 0.010
255.824642 0.009
257.678453 0.009
259.545697 0.008
261.426473 0.008
263.320877 0.007
265.229008 0.007
267.150967 0.006
269.086853 0.006
271.036767 0.006
273.000811 0.005
274.979088 0.005
276.971700 0.005
278.978751 0.005
281.000346 0.004
283.036590 0.004
285.087590 0.004
287.153452 0.004
289.234284 0.003
291.330195 0.003
293.441294 0.003
295.567690 0.003
297.709496 0.003
299.866821 0.003
302.039780 0.002
304.228485 0.002
306.433050 0.002
308.653590 0.002
310.890221 0.002
313.143060 0.002
315.412224 0.002
317.697831 0.002
320.000000 0.001
322.318852 0.001
324.654507 0.001
327.007088 0.001
329.376716 0.001
331.763515 0.001
334.167610 0.001
336.589127 0.001
339.028190 0.001
341.484928 0.001
343.959469 0.001
346.451941 0.001
348.962474 0.001
351.491200 0.001
354.038251 0.001
356.603758 0.001
359.187855 0.001
361.790679 0.001
364.412363 0.000
367.053045 0.000
369.712863 0.000
372.391955 0.000
375.090460 0.000
377.808521 0.000
380.546277 0.000
383.303872 0.000
386.081450 0.000
388.879155 0.000
391.697134 0.000
394.535533 0.000
397.394500 0.000
400.274184 0.000
403.174736 0.000
406.096306 0.000
409.039048 0.000
412.003113 0.000
414.988657 0.000
417.995836 0.000
421.024807 0.000
424.075726 0.000
427.148753 0.000
430.244049 0.000
433.361775 0.000
436.502093 0.000
439.665167 0.000
442.851162 0.000
446.060244 0.000
449.292581 0.000
452.548340 0.000
455.827692 0.000
459.130807 0.000
462.457858 0.000
465.809019 0.000
469.184463 0.000
472.584367 0.000
476.008908 0.000
479.458265 0.000
482.932617 0.000
486.432146 0.000
489.957033 -0.000
493.507464 -0.000
497.083623 -0.000
500.685695 -0.000
504.313870 -0.000
507.968337 -0.000
511.649285 -0.000
515.356906 -0.000
519.091395 -0.000
522.852945 -0.000
526.641753 -0.000
530.458016 -0.000
534.301934 -0.000
538.173706 -0.000
542.073534 -0.000
546.001623 -0.000
549.958175 -0.000
553.943399 -0.000
557.957501 -0.000
562.000691 -0.000
566.073180 -0.000
570.175180 -0.000
574.306904 -0.000
578.468569 -0.000
582.660390 -0.000
586.882588 -0.000
591.135381 -0.000
595.418991 -0.000
599.733643 -0.000
604.079560 -0.000
608.456970 -0.000
612.866100 -0.000
617.307180 -0.000
621.780442 -0.000
626.286120 -0.000
630.824447 -0.000
635.395661 -0.000
640.000000 -0.000
644.637704 -0.000
649.309014 -0.000
654.014175 -0.000
658.753431 -0.000
663.527030 -0.000
668.335221 -0.000
673.178253 -0.001
678.056380 -0.001
682.969856 -0.001
687.918938 -0.001
692.903882 -0.001
697.924949 -0.001
702.982401 -0.001
708.076501 -0.001
713.207515 -0.001
718.375711 -0.001
723.581357 -0.001
728.824726 -0.001
734.106091 -0.001
739.425726 -0.001
744.783910 -0.001
750.180921 -0.001
755.617041 -0.001
761.092554 -0.001
766.607744 -0.002
772.162900 -0.002
777.758310 -0.002
783.394268 -0.002
789.071066 -0.002
794.789000 -0.002
800.548368 -0.002
806.349472 -0.002
812.192613 -0.002
818.078095 -0.003
824.006226 -0.003
829.977315 -0.003
835.991673 -0.003
842.049613 -0.003
848.151452 -0.003
854.297507 -0.004
860.488099 -0.004
866.723550 -0.004
873.004186 -0.004
879.330334 -0.005
885.702324 -0.005
892.120489 -0.005
898.585161 -0.005
905.096680 -0.006
911.655384 -0.006
918.261614 -0.006
924.915716 -0.007
931.618037 -0.007
938.368925 -0.007
945.168733 -0.008
952.017816 -0.008
958.916529 -0.009
965.865234 -0.009
972.864291 -0.010
979.914067 -0.010
987.014928 -0.011
994.167245 -0.011
1001.371391 -0.012
1008.627741 -0.013
1015.936673 -0.013
1023.298569 -0.014
1030.713812 -0.015
1038.182790 -0.016
1045.705890 -0.016
1053.283506 -0.017
1060.916032 -0.018
1068.603867 -0.019
1076.347412 -0.020
1084.147069 -0.021
1092.003245 -0.022
1099.916351 -0.023
1107.886798 -0.025
1115.915003 -0.026
1124.001383 -0.027
1132.146360 -0.028
1140.350359 -0.030
1148.613808 -0.031
1156.937137 -0.033
1165.320781 -0.035
1173.765175 -0.036
1182.270762 -0.038
1190.837983 -0.040
1199.467286 -0.042
1208.159120 -0.044
1216.913939 -0.046
1225.732199 -0.048
1234.614360 -0.050
1243.560885 -0.053
1252.572239 -0.055
1261.648894 -0.058
1270.791322 -0.060
1280.000000 -0.063
1289.275408 -0.066
1298.618029 -0.069
1308.028350 -0.072
1317.506863 -0.075
1327.054061 -0.078
1336.670442 -0.081
1346.356507 -0.085
1356.112761 -0.089
1365.939713 -0.092
1375.837875 -0.096
1385.807763 -0.100
1395.849898 -0.104
1405.964802 -0.108
1416.153002 -0.113
1426.415031 -0.117
1436.751422 -0.122
1447.162715 -0.127
1457.649452 -0.132
1468.212181 -0.137
1478.851452 -0.142
1489.567819 -0.147
1500.361842 -0.153
1511.234082 -0.158
1522.185107 -0.164
1533.215488 -0.170
1544.325799 -0.176
1555.516621 -0.182
1566.788535 -0.188
1578.142131 -0.194
1589.577999 -0.201
1601.096737 -0.208
1612.698944 -0.214
1624.385225 -0.221
1636.156190 -0.228
1648.012452 -0.236
1659.954630 -0.243
1671.983345 -0.250
1684.099226 -0.258
1696.302903 -0.266
1708.595013 -0.273
1720.976197 -0.281
1733.447100 -0.289
1746.008372 -0.298
1758.660669 -0.306
1771.404649 -0.314
1784.240977 -0.323
1797.170323 -0.331
1810.193360 -0.340
1823.310767 -0.349
1836.523229 -0.358
1849.831433 -0.367
1863.236074 -0.376
1876.737851 -0.385
1890.337467 -0.394
1904.035631 -0.403
1917.833058 -0.413
1931.730467 -0.422
1945.728583 -0.432
1959.828134 -0.441
1974.029857 -0.451
1988.334491 -0.461
2002.742782 -0.471
2017.255482 -0.481
2031.873347 -0.491
2046.597138 -0.501
2061.427625 -0.511
2076.365579 -0.521
2091.411780 -0.531
2106.567012 -0.541
2121.832065 -0.551
2137.207735 -0.562
2152.694823 -0.572
2168.294137 -0.583
2184.006490 -0.593
2199.832702 -0.604
2215.773596 -0.614
2231.830005 -0.625
2248.002765 -0.635
2264.292720 -0.646
2280.700718 -0.657
2297.227616 -0.668
2313.874274 -0.678
2330.641561 -0.689
2347.530351 -0.700
2364.541523 -0.711
2381.675966 -0.722
2398.934572 -0.733
2416.318240 -0.744
2433.827878 -0.754
2451.464399 -0.765
2469.228720 -0.776
2487.121769 -0.787
2505.144479 -0.799
2523.297789 -0.810
2541.582644 -0.821
2560.000000 -0.832
2578.550815 -0.843
2597.236057 -0.854
2616.056701 -0.865
2635.013726 -0.876
2654.108121 -0.887
2673.340883 -0.899
2692.713013 -0.910
2712.225522 -0.921
2731.879426 -0.932
2751.675750 -0.943
2771.615527 -0.955
2791.699796 -0.966
2811.929603 -0.977
2832.306004 -0.988
2852.830061 -1.000
2873.502844 -1.011
2894.325430 -1.022
2915.298905 -1.034
2936.424363 -1.045
2957.702904 -1.056
2979.135638 -1.067
3000.723683 -1.079
3022.468164 -1.090
3044.370214 -1.101
3066.430976 -1.113
3088.651599 -1.124
3111.033242 -1.135
3133.577071 -1.147
3156.284262 -1.158
3179.155999 -1.169
3202.193474 -1.181
3225.397888 -1.192
3248.770450 -1.204
3272.312380 -1.215
3296.024905 -1.226
3319.909260 -1.238
3343.966691 -1.249
3368.198452 -1.260
3392.605806 -1.272
3417.190027 -1.283
3441.952394 -1.295
3466.894200 -1.306
3492.016745 -1.317
3517.321337 -1.329
3542.809298 -1.340
3568.481954 -1.352
3594.340646 -1.363
3620.386720 -1.374
3646.621534 -1.386
3673.046457 -1.397
3699.662866 -1.409
3726.472148 -1.420
3753.475701 -1.431
3780.674934 -1.443
3808.071263 -1.454
3835.666117 -1.466
3863.460935 -1.477
3891.457165 -1.488
3919.656268 -1.500
3948.059713 -1.511
3976.668981 -1.523
4005.485564 -1.534
4034.510963 -1.545
4063.746693 -1.557
4093.194277 -1.568
4122.855250 -1.580
4152.731158 -1.591
4182.823560 -1.603
4213.134024 -1.614
4243.664130 -1.625
4274.415470 -1.637
4305.389646 -1.648
4336.588274 -1.660
4368.012981 -1.671
4399.665403 -1.683
4431.547192 -1.694
4463.660010 -1.705
4496.005531 -1.717
4528.585440 -1.728
4561.401437 -1.740
4594.455232 -1.751
4627.748549 -1.763
4661.283122 -1.774
4695.060701 -1.786
4729.083046 -1.797
4763.351932 -1.809
4797.869143 -1.820
4832.636481 -1.831
4867.655757 -1.843
4902.928797 -1.854
4938.457440 -1.866
4974.243539 -1.877
5010.288958 -1.889
5046.595577 -1.900
5083.165289 -1.912
5120.000000 -1.923
5157.101631 -1.935
5194.472115 -1.946
5232.113401 -1.958
5270.027452 -1.969
5308.216243 -1.981
5346.681766 -1.993
5385.426026 -2.004
5424.451043 -2.016
5463.758851 -2.027
5503.351500 -2.039
5543.231054 -2.050
5583.399591 -2.062
5623.859206 -2.074
5664.612008 -2.085
5705.660122 -2.097
5747.005687 -2.108
5788.650860 -2.120
5830.597810 -2.132
5872.848725 -2.143
5915.405808 -2.155
5958.271277 -2.167
6001.447367 -2.179
6044.936328 -2.190
6088.740429 -2.202
6132.861952 -2.214
6177.303198 -2.226
6222.066483 -2.238
6267.154142 -2.249
6312.568524 -2.261
6358.311998 -2.273
6404.386948 -2.285
6450.795775 -2.297
6497.540901 -2.309
6544.624761 -2.321
6592.049809 -2.333
6639.818520 -2.345
6687.933382 -2.357
6736.396904 -2.369
6785.211613 -2.382
6834.380053 -2.394
6883.904789 -2.406
6933.788400 -2.418
6984.033489 -2.431
7034.642675 -2.443
7085.618596 -2.456
7136.963909 -2.468
7188.681291 -2.481
7240.773439 -2.493
7293.243069 -2.506
7346.092914 -2.519
7399.325732 -2.532
7452.944296 -2.544
7506.951403 -2.557
7561.349867 -2.570
7616.142525 -2.583
7671.332234 -2.597
7726.921869 -2.610
7782.914330 -2.623
7839.312536 -2.637
7896.119426 -2.650
7953.337962 -2.664
8010.971128 -2.678
8069.021927 -2.691
8127.493386 -2.705
8186.388553 -2.719
8245.710500 -2.733
8305.462317 -2.748
8365.647121 -2.762
8426.268048 -2.777
8487.328260 -2.791
8548.830939 -2.806
8610.779292 -2.821
8673.176549 -2.836
8736.025961 -2.851
8799.330806 -2.866
8863.094385 -2.882
8927.320020 -2.898
8992.011061 -2.913
9057.170880 -2.929
9122.802874 -2.946
9188.910464 -2.962
9255.497097 -2.978
9322.566244 -2.995
9390.121402 -3.012
9458.166093 -3.029
9526.703863 -3.046
9595.738287 -3.063
9665.272962 -3.081
9735.311514 -3.099
9805.857594 -3.117
9876.914881 -3.135
9948.487077 -3.153
10020.577916 -3.172
10093.191154 -3.191
10166.330578 -3.210
10240.000000 -3.229
10314.203261 -3.248
10388.944230 -3.268
10464.226802 -3.288
10540.054903 -3.308
10616.432486 -3.328
10693.363532 -3.349
10770.852052 -3.369
10848.902086 -3.390
10927.517703 -3.412
11006.703001 -3.433
11086.462108 -3.455
11166.799182 -3.476
11247.718413 -3.499
11329.224017 -3.521
11411.320244 -3.543
11494.011375 -3.566
11577.301719 -3.589
11661.195620 -3.612
11745.697450 -3.636
11830.811616 -3.659
11916.542554 -3.683
12002.894734 -3.707
12089.872657 -3.731
12177.480858 -3.756
12265.723904 -3.781
12354.606395 -3.805
12444.132966 -3.831
12534.308283 -3.856
12625.137048 -3.882
12716.623996 -3.907
12808.773895 -3.934
12901.591551 -3.960
12995.081802 -3.986
13089.249521 -4.013
13184.099619 -4.040
13279.637040 -4.067
13375.866764 -4.095
13472.793808 -4.122
13570.423226 -4.150
13668.760107 -4.178
13767.809577 -4.206
13867.576801 -4.235
13968.066979 -4.264
14069.285350 -4.293
14171.237191 -4.322
14273.927818 -4.351
14377.362583 -4.381
14481.546879 -4.411
14586.486137 -4.441
14692.185828 -4.471
14798.651463 -4.502
14905.888592 -4.533
15013.902806 -4.564
15122.699734 -4.595
15232.285051 -4.626
15342.664467 -4.658
15453.843739 -4.690
15565.828661 -4.722
15678.625072 -4.754
15792.238852 -4.786
15906.675925 -4.819
16021.942256 -4.852
16138.043854 -4.885
16254.986772 -4.918
16372.777107 -4.951
16491.420999 -4.985
16610.924634 -5.018
16731.294241 -5.052
16852.536096 -5.086
16974.656520 -5.120
17097.661878 -5.154
17221.558584 -5.188
17346.353097 -5.222
17472.051922 -5.257
17598.661613 -5.291
17726.188769 -5.325
17854.640040 -5.360
17984.022122 -5.394
18114.341760 -5.428
18245.605748 -5.462
18377.820928 -5.496
18510.994194 -5.530
18645.132489 -5.564
18780.242805 -5.598
18916.332186 -5.631
19053.407727 -5.664
19191.476573 -5.697
19330.545924 -5.729
19470.623028 -5.762
19611.715189 -5.793
19753.829761 -5.825
19896.974155 -5.855
20041.155832 -5.886
20186.382308 -5.915
20332.661156 -5.944
20480.000000 -5.972
20628.406522 -6.000
20777.888460 -6.027
20928.453604 -6.053
21080.109806 -6.078
21232.864972 -6.102
21386.727064 -6.125
21541.704105 -6.147
21697.804172 -6.168
21855.035406 -6.188
22013.406002 -6.207
22172.924216 -6.224
22333.598365 -6.240
22495.436825 -6.255
22658.448034 -6.268
22822.640488 -6.280
22988.022749 -6.291
23154.603438 -6.300
23322.391240 -6.308
23491.394901 -6.314
23661.623232 -6.318
23833.085108 -6.322
24005.789467 -6.323
